Site	abs.f420.5	Alk	Altitude	ARO_uppstream	pH	TOC	Tot.N_ps	TP	Turbidity	LC_Urban
K1_08	0.188344887994579	0.502464656400072	1.02667203119905	1.6068606898301	7.2	2.66345331616902	7.54210741303158	65.5	2	2.5
K2_08	0.380489122037987	0.423305026236495	1.02667203119905	1.60309852870769	7.2	3.11577128110961	7.48211892355212	81.2	4	2.3
K3_08	0.200654392938475	0.407463110770838	0.526589034139045	1.42479376158156	6.6	2.64382149760673	7.36480030706348	58.6	3	0.7
K5_08	0.363253259298855	0.206200830583898	1.02667203119905	1.79540363557322	7	3.04319718354466	7.00470048503862	37.9	3	0.5
K6_08	0.332177312338332	0.152721087017664	1.39736348117304	2.03327864484219	6.9	3.03495298670727	6.93420244899699	31	2	0.9
K7_08	0.423305026236495	0.154436353304419	1.59570923040387	1.88336130335392	6.8	3.47506723022861	7.23294987569369	31	2	1.1
I02_07	0.104360015324243	1.73130150019094	1.25081978247535	1.21498506859387	8.2	2.43518006562227	8.8495139654864	89.3	2	0
I03_07	0.0916671885258239	1.69396286750379	1.39736348117304	1.79725250301159	8	2.36961056509953	8.28621906098684	21.3	2	0.2
I04_07	0.0817717330263541	1.29461496136475	1.21498506859387	1.70144664292775	7.68179589285713	2.41352285510526	7.26398037508783	53.7904879807693	2	0.3
I05_07	0.0797739664376398	0.951139385462748	1.17248659547825	1.48857026563091	7.62561558035716	2.46332862693682	7.03875257599684	40.1833722222223	2	0
I06_07	0.0787351352244445	1.37640176745406	0.462341011799065	1.434768550982	7.64172854166665	2.38434308929133	7.75852349642273	61.4474770833333	3	0.8
I07_07	0.1016536537265	1.74064159804944	1.02667203119905	1.9705786816917	8.1	2.48398928890545	8.25997565976828	50.8	2	0
I08_07	0.130101689786838	1.59571924029316	1.53700876684845	1.67274658269816	8.4875	2.52994338127026	8.41581711252228	39.0625	2	0
I09_07	0.128393214768399	1.71811292905976	1.1947055233183	1.62549265102218	8.1	2.7418317558479	7.43826587606453	24.6	2	0
I10_07	0.12751332029896	1.65364616709842	0.951362544505703	1.20937078612125	8.2	2.61251398649468	7.10274623887675	12	2	0
I11_07	0.111541374732907	1.73993972049826	0.78569102324889	1.78566488266791	8.3	2.47422077081306	8.36557929124095	147.1	2	1
I13_07	0.084341148433751	1.75336508124074	1.56531665505968	1.62281126712687	8.2	2.24552419922697	7.83296610823085	31.6	2	0
I15_07	0.0852598439508234	1.78019283285659	1.15878230575197	1.02063357620834	8.3	2.5515735860604	8.39538707400794	56.1	2	7.4
I01_08	0.0764197681311118	1.78842056796254	1.00812804273146	1.55504208953171	8.4	2.33618499572708	8.26098914842931	49	3	0.7
I16_08	0.0629121993929871	1.38553049653294	1.29943611965404	1.69383338711235	7.73339437499996	2.3358126659617	7.92890790622368	69.5416249999999	2	0
I17_08	0.167857841692131	1.21287881531441	1.52959541632736	1.59004932949083	7.48608239583334	2.74009421802187	7.2679249293148	62.4583629807694	2	0
O1_07	0.249696959266726	0.160797803972519	1.77496524973174	1.4515128711338	6.64090909090909	2.58296786296421	6.67456139181443	13.9090909090909	2	0
O2_07	0.0898407039997895	0.104360015324243	1.58334052083969	1.23615351646328	6.7	2.31904237652629	6.55495370480439	22.952018001443	2	0
O3_07	0.235862323721984	0.139761942375159	1.74679669969929	1.31050618620479	6.8	2.67247335527899	6.39549902123608	12.7351825757575	2	0
O4_07	0.12751332029896	0.215111379616945	1.67618086712836	0.741276311375015	7.1	2.33333838881784	6.61825713625032	26.1081054473304	2	0
O5_07	0.157003748809665	0.165514438477573	1.73353075803763	1.0016484949026	6.8	2.35565425656178	6.29404182070176	10.6615015151515	2	0.1
O6_07	0.12575120530556	0.122217632724249	1.80706219195458	1.51941094507849	6.7	2.64262239577975	5.80513496891649	4.09090909090909	2	0
O7_07	0.151862349309246	0.0953101798043249	1.72135219552419	0.707848296256166	6.5	2.45574249087365	6.66190339665059	23.7169227994228	2	0
O8_08	0.151862349309246	0.122217632724249	1.78867968375389	1.25317315628234	6.7	2.34807635650439	6.37248551106049	9.68401893939394	2	0
O10_08	0.144100343973757	0.118671529717499	1.43670303470887	1.24603708612156	6.9	2.3553002283592	6.54861837834213	26.4976071428571	3	0.2
O11_08	0.0865575561052274	0.544446678313823	1.24603708612156	1.27329704536192	7.43320106060606	2.40199469907384	6.81824942974557	29.2637956349206	2	0.8
O12_08	0.131028262406404	0.19062035960865	1.68001624875289	1.3839715985269	7	2.32221482103877	6.52629664568663	13.1528696969697	2	0.1
O18_08	0.0998453349697161	0.113328685307003	1.77796285610022	1.27961483899895	6.9	2.22343857453206	5.7543425002679	6.86037045454547	2	0
O21_08	0.302401055691412	0.322083499169113	1.35850472064663	1.84611054594505	7.3	2.79871350288022	6.93828448401696	41.8	2	0.3
O22_08	0.15785808461558	0.282490045749356	0.65039140701146	1.90157337185878	7.25714285714286	2.2023042465363	7.11348195323353	39.5833333333333	2	4.5
O23_08	0.191964094330453	0.518793793415168	1.21219510867956	1.74831809719495	7.5	2.65568875460989	6.90575327631146	58.5	3	6.9
O24_08	0.180258875372989	0.885809642372025	0.581353438428692	1.5794472551672	7.45680322916668	2.6520386160337	7.14124512235049	110	3	1.3
O25_08	0.17730901497041	0.19062035960865	1.17248659547825	1.72062574116234	7.2	2.61274443398656	6.81678231982333	54.0939029761906	3	0.2
O27_08	0.322083499169113	0.95743267520533	1.82421768746362	1.77216188686853	7.7	3.11351530921037	7.06416055814627	31	2	0
O28_08	0.168933129050421	1.18296122404049	1.76851392045601	1.55403114378505	7.53806416666666	2.82239471677951	7.3392532177183	57.3163264423079	2	2.7
O29_08	0.194121592279894	0.452560268921416	1.67520724613102	1.53248345167838	7.07010416666667	2.62542908621307	6.82237275650661	59.8033916666668	3	0
O30_08	0.192523861456755	0.340773872664855	1.50330099800484	1.67690715616742	6.99468051587305	2.69040568626236	6.92641100701065	77.1666666666667	3	0.9
O31_08	0.177914334439581	0.600777167678035	1.46934541882135	1.26234457903371	7.272536875	2.645490404019	7.05750623706989	78.4546645833333	2	0.3
O32_08	0.141860887116984	0.920037737272321	1.59330673681914	1.58075490568411	7.47520119273089	2.47505125499464	8.03749845606236	78.1457583333332	2	1.5
O34_08	0.209329127173514	0.655406355511542	1.74846938211866	1.53644938169215	7.31067323232325	2.75449009989146	7.34777632682962	61.650978311966	2	1.5
O35_08	0.119064917398505	1.75510554848725	1.58205261438629	1.51567363952557	7.96610958333333	2.31428059981136	8.78100850004566	110.770725	2	0
O36_08	0.19257028234192	0.576316051274822	1.66117474394392	1.55654760055417	7.34280857142861	2.68769624327985	7.18143614033306	59.3693895833335	2	4.2
O37_08	0.177384708045635	0.677960977104793	1.5718423957831	1.70850485029819	7.31110101010101	2.65418850397789	7.51545447799449	81.4585	2	0.3
O38_08	0.173112617708645	0.258510695151501	1.59451225910557	1.53644938169215	6.81666666666667	2.55594053883268	6.62911612911347	34.3333333333333	2	1.1
O40_08	0.290402600599756	0.527042685576556	1.66117474394392	1.59004932949083	7.13526250000001	2.86535210109192	7.27811339652132	122.427933333334	2	0.4
O41_08	0.140376572292067	1.01307419029383	1.59209254924061	1.66999486272976	7.51260756268038	2.42056035259846	8.54211363496174	104.257160416667	3	0
O42_08	0.290900806408207	0.627284659511666	1.60981058486869	1.52665976378072	7.25643552083334	2.8568646338225	7.4176873236252	131.065975	2	0
O45_08	0.158791405188689	0.605377963944024	1.63580040324541	1.43956870034789	7.33962411255412	2.66209786003649	7.13850780845986	76.1427937500001	2	2
O48_08	0.185119207178417	0.525700443061167	1.68831768711999	1.57411433990374	7.22544880952383	2.69448483999777	7.01914536021948	71.5	3	0
O49_08	0.385896326801215	0.0790946430176159	1.62281126712687	1.51567363952557	6.21944090909092	3.10081800146112	6.63064926017004	26.8837880952381	2	0
LF10_08	0.337899788612398	0.180653499693258	1.78318277604952	2.01376663805852	6.8	2.86220088092947	6.65801104587075	21.5	2	0.7
LF12_08	0.400117501781569	0.198850858745165	1.79463530285411	1.42581471976718	6.4	3.10458667846607	6.68085467879022	62	4	0
NF9_08	0.378436435720245	0.165514438477573	1.81025205388391	1.62281126712687	6.8	2.98061863574394	7.01929665371504	20.3	4	2.7
NF8_08	0.396087946295567	0.131028262406404	1.78318277604952	1.27752917704723	6.5	2.93562834948428	6.79799565698467	21.6666666666667	3	0
EF2_07	0.205386829724951	0.392042087776024	1.82251267210281	1.48929922541755	7.1	2.85070650150373	7.50988306115491	28.6	2	25
EF3_07	0.313349819200359	0.25386672395705	1.84107408442981	1.86997141564669	6.8	3.09104245335832	7.00850518208228	27.5	2	0.6
NF3_07	0.337899788612398	0.131028262406404	1.84874738954493	1.44972335625685	6.7	2.95863870752938	7.50960920109569	28.6	2.443	0
NF5_07	0.34500713907105	0.641853886172395	1.84496466149853	1.16913396375619	6.2	3.00594689591173	7.01996548187797	22.7431022727272	2.311	0
MSF3_08	0.172980049548251	0.568208070120614	1.81977727812087	1.42884568962479	7.31897545454548	2.65437355690576	7.06471811527398	57.0695746260686	2	0
MSF4_08	0.0769610411361284	0.371563556432483	1.84107408442981	0.707848296256166	7.6	2.39789527279837	6.17586727010576	11	2	0
MSF5_08	0.0758088905723439	0.510690401636877	1.8524277618845	1.54992780771055	7.36260842712844	2.34733834013454	6.8050125930753	32.3480668192918	2	2.1
MSF6_08	0.308294742882029	0.197483804533632	1.89015592184932	1.63232984974572	6.93333333333333	2.92673940206704	6.76772663437843	21.6666666666667	2	0.5
MSF8_08	0.132149443380718	0.606135803570315	1.84107408442981	1.56907584117895	7.65	2.52038103798166	7.03380038583279	16.6666666666667	2	0.3
MSF9_08	0.0705140306042235	0.692730427063603	1.7163798514468	1.53075626405677	7.64166666666667	2.38646657697475	8.32708136914722	69.8333333333333	3	6.2
MSF10_08	0.157538307779758	0.857248191240373	1.7254630513334	1.54625676205188	7.76666666666667	2.60884355101876	7.22086140377408	37.8333333333333	2	7.4
MSF12_08	0.353762373186131	0.232103292685682	1.74982404102648	1.65902647459216	6.93333333333333	3.00815479355255	6.76772663437843	18.9166666666667	2	1.6
LF1_08	0.262364264467491	0.29266961396282	1.80317806195738	2.0867061078886	7.1	2.73436750941958	6.8134445995109	21	2.349	0.7
LF3_08	0.0582689081239758	0.173953307123438	1.84107408442981	1.21774142063544	7.4	1.96009478404727	5.77144112313002	9	2.211	0
LF6_08	0.280657457514817	0.371563556432483	1.85950144744983	1.50262582325775	7.2	2.84490938381941	6.97634807044775	25.7	2.346	2.2
LF8_08	0.235843556833399	0.113328685307003	1.84874738954493	1.61413971763607	6.7	2.6732529057795	6.45828201216912	15.6957954545454	2	0.3
NF7_08	0.414755155015257	0.22314355131421	1.85950144744983	1.56673595961808	7	2.88013434880295	6.66907352850927	9	2	0
E24_08	0.207014169384326	1.12069988513211	1.7254630513334	1.84458055132664	7.9	2.94443897916644	7.55888183027947	83	2	0.6
E29_08	0.284426779731108	0.608678023933495	0.988201624705847	1.48338521013246	7.2	2.94443897916644	6.94793706861497	57.5	2	0
E6_08	0.211880359035499	0.585561969880008	1.0144542734439	1.569540031362	7.6	2.90142159408275	7.31887105859912	177.3	2	1
E9_08	0.108854404912082	0.352767319107715	1.35850472064663	1.90489038009058	7.4	2.52572864430826	6.78863384807427	40.5	3	0.1
E30_08	0.143624292728404	0.803067110138692	1.20937078612125	1.5965025161762	7.5212007733586	2.44877896310761	7.93937133251004	77.6140749999999	3	0.2
E31_08	0.217017995009902	0.598618431668466	0.899598192498245	1.6571227645934	7.29036183035715	2.74385080953871	7.45663229790012	82.3786104166665	3	11
E32_08	0.0989399478549036	1.04731899428056	1.56673595961808	1.84201796860939	7.9	2.87356463957978	7.30269855963072	96.2	3	1
E33_08	0.181456912263253	1.02337762648192	1.53248345167838	1.74907298240683	7.55658458333329	2.83514723491536	7.3244641605138	93.2442166666668	3	0.4
E19_07	0.211132483865233	0.117748368388814	1.68537049056349	1.59924994896325	6.6	2.61562776837479	6.31504568633147	14.7350272727273	2	0
E20_07	0.249201085633499	0.492306913181607	1.39736348117304	1.73830092140533	6.8	3.14415227867226	7.69666708152646	148.2	3	0
E21_07	0.155675297618921	0.640199771099513	1.71316370679795	1.49713245420213	7.45174570346323	2.56308276214356	7.03981692539198	56.7637031746033	2	0.5
E22_07	0.0657877405380032	1.19050755337237	1.7182404735814	1.94611225405374	7.8	2.61006979274201	8.21662849313344	34.3	2	0.3
E23_07	0.117783035656383	1.61128913952204	1.70329275882383	1.46190866355869	7.7	2.484906649788	9.06419258341752	198	2	0
E25_07	0.0726053696957071	0.286143398228076	1.53977945795227	1.49502909290419	7.3	2.28692737806177	6.35631805522808	19.1633340909091	2	2.7
E2_07	0.0944006754214843	0.585090969180605	1.62813101506716	1.88202918228461	8.1	2.56494935746154	7.2086003379602	63.5	2	1.2
E5_07	0.183986836113016	0.222476662326506	1.60347857350485	1.95157669345106	7.1	2.91777073208428	6.58063913728495	19.7	2	0.6
E7_07	0.291175961706037	0.457911618239135	1.73403132149329	1.27542336550374	7.1	2.8094026953625	6.60123011872888	53.8	2	0.2
E13_07	0.165514438477573	0.331698957868555	1.85601087126303	1.54142124691913	7.2	2.69462718077007	7.36581283720947	28	2	2.4
E15_07	0.114221144090023	0.416355411090485	1.84107408442981	1.59209254924061	7.3	2.43361335540045	6.70196036600254	14.5	2	0
E16_07	0.19638881400539	0.433099846007621	1.76544750680153	1.75953622422077	7.1	2.73436750941958	7.51032108131084	35.8	2	0.3
E17_07	0.234281295724666	0.200216046670505	1.67100103274163	1.92779982482568	7.1	2.85070650150373	6.70649552116793	15.2	2	0.2
H406_07	0.168898536461814	0.215111379616945	1.74831809719495	1.91072032262096	7	2.70805020110221	6.82001636467413	14	2	0
H2_07	0.138021297897375	0.165514438477573	1.77968319442862	1.54304789022132	6.5	1.98787434815435	5.88887795833288	5.9	2	0
H3_07	0.165514438477573	0.27763173659828	1.73732637840012	1.63797109561637	7.3	2.50143595173921	6.52795791762255	8.8	2	0.5
BDpf01_08	0.0880108773227134	0.3293037471426	1.91499389772618	1.81717490931703	7.4	1.75785791755237	5.96870755998537	5	2	0
BDpf02_08	0.151002873536527	0.285178942233662	1.87571036675847	1.69274578181589	7.4	2.11625551480255	5.35185813347607	19	2	0
BDpf04_08	0.193096629961913	0.231111720963387	1.87571036675847	1.54783948612284	7	2.17475172148416	5.44241771052179	15	3	0
BDpf05_08	0.213497174262404	0.157003748809665	1.85950144744983	1.41210505049429	6.7	2.37024374146786	6.15485809401642	29	2	1.4
BDpf06_08	0.183986836113016	0.300104592450338	1.81977727812087	1.29561498285121	6.8	2.94443897916644	7.1708884785125	71	3	1.9
BDpf08_08	0.0695260626486103	0.0870947068509337	1.9763847732858	0.689767361907301	6.8	1.56861591791385	4.87519732320115	6	2	0
(Bdpf09)_08	0.0732504617395927	0.157003748809665	1.9127139332708	1.97560786021002	7	1.56861591791385	4.87519732320115	7	2	0
BDpf10_08	0.0778865386570712	0.19062035960865	1.90316819723129	1.54678592405062	7.2	1.75785791755237	4.70953020131233	4	2	0
BDpf12_08	0.111541374732907	0.157003748809665	1.89015592184932	1.02063357620834	7	1.91692261218206	5.14166355650266	6	2	0
BDpf13_08	0.237440856015034	0.165514438477573	1.88167945212704	1.74039088453426	7	2.484906649788	5.56452040732269	31	3	0.1
BDpf14_08	0.169742774587095	0.122217632724249	1.92160025453555	1.66329448143758	6.9	2.02814824729229	5.44241771052179	28	3	0
BDpf16_08	0.274596832903125	0.139761942375159	1.83294514609533	1.04399756633448	6.4	2.70805020110221	5.70711026474888	17	3	0
BDpf17_08	0.408128225527648	0.350656871613169	1.68537049056349	1.6674511323509	7.1	3.17805383034795	6.06610809010375	57	3	0
BDpf18_08	0.171429115627531	0.157003748809665	1.59570923040387	1.64754067344858	7	2.29253475714054	5.52545293913178	17	3	0
BDpf19_08	0.313349819200359	0.139761942375159	1.02667203119905	1.93296722174773	6.7	2.94443897916644	5.96870755998537	37	3	0
BDpf21_08	0.0207825391825284	0.157003748809665	1.87571036675847	1.78282466651185	7	2.16332302566054	5.67332326717149	12	2	0
BDpf22_08	0.107059072293408	0.173953307123438	1.90802919925623	1.73878582172166	7.2	1.7227665977411	5.14166355650266	12	2	0
BDpf23_08	0.0582689081239758	0.148420005118273	1.85950144744983	1.86100913134138	7.3	1.30833281965018	4.79579054559674	5	2	0
BDpf24_08	0.294905917541101	0.0506931143155182	1.79463530285411	1.45416588781849	6.3	2.77258872223978	5.73979291217923	11	2	0
BDpf25_08	0.084341148433751	0.182321556793955	1.88739063097878	1.03257531961508	7.1	1.85629799036563	5.30330490805908	4	2	0
BDpf28_08	0.0815799869924228	0.173953307123438	1.73568790592766	1.58756448332165	7	2.18605127673809	5.9427993751267	17	3	0.5
BDpf29_08	0.112435429329788	0.207014169384326	1.66064037933481	1.70103337630981	7.1	2.17475172148416	5.67332326717149	14	3	0.5
BDpf30_08	0.176471143115779	0.182321556793955	1.32776142953833	1.77496524973174	7	2.37954613413017	5.91620206260743	25	3	0.1
BDpf31_08	0.401457086710626	0.431782416425538	0.526589034139045	1.9460768955194	7.1	3.09104245335832	6.47850964220857	40	2	0.3
BDpf32_08	0.138891998866619	0.104360015324243	1.02667203119905	1.68628325669399	6.4	2.29253475714054	6.04263283368238	24	4	1.3
BDpf33_08	0.194744076792512	0.165514438477573	1.02667203119905	1.99851433228736	7	2.484906649788	6.17586727010576	24	2	0.2
BDpf34_08	0.155292884406035	0.3293037471426	1.59570923040387	1.25550186069728	7.3	2.26176309847379	5.73979291217923	19	2	2.9
BDpf37_08	0.0834216081390724	0.62057648772511	0.741276311375015	1.25780636419948	7	2.56494935746154	6.47850964220857	21	3	5.4
BDpf39_08	0.727548607277278	0.385262400790645	0.741276311375015	1.52547184155401	6.2	3.71357206670431	6.36475075685191	67	4	0
BDpf40_08	0.171429115627531	0.0953101798043249	1.02667203119905	1.73403132149329	6.7	2.484906649788	5.56452040732269	19	3	0.8
BDpf41_08	0.439544421761027	0.0217614917815127	1.85950144744983	1.69165051172535	5.6	3.2188758248682	5.77144112313002	19	3	0
BDpf42_08	0.27002713721306	0.0324671901375014	1.83294514609533	1.23866552140029	6	2.63905732961526	5.48479693349065	14	2	0
BDpf43_08	0.296394013053802	0.0639133257436529	1.88739063097878	1.34825663834845	5.7	2.63905732961526	6.66057514983969	47	3	0
BDpf44_08	0.0544881852840698	0.418710334858185	1.93190298131817	1.36826366161646	7	1.85629799036563	8.1318247850072	19	2	5.6
BDpf46_08	0.390013003549243	0.165514438477573	1.91499389772618	1.41100948293942	6.7	2.99573227355399	6.36475075685191	110	2	3.3
BDpf47_08	0.486123011125619	0.104360015324243	1.91499389772618	1.48263246055986	6.1	3.36729582998647	6.15485809401642	30	3	0
BD1004_06	0.148420005118273	0.372941916402604	1.66064037933481	1.68119586666697	7.1	2.31253542384721	6.17586727010576	110	2.675	0.2
BD1005_06	0.0732504617395927	0.311886761148598	1.79463530285411	1.78902350016044	7	1.7227665977411	5.44241771052179	11	2.096	0
BD1006_06	0.561898893949991	0.65232518603969	1.44882223836587	1.7094872046389	7.3	3.25809653802148	6.86797440897029	200	2.988	0
BD1013_06	0.0109399400383343	0.247641022914597	1.98310975696631	1.72929326212772	7.6	0.8754687373539	4.70953020131233	1.5	2.038	0
BD1014_06	0.12751332029896	0.523544396173765	1.82869338274209	1.83633636489579	7.8	1.84054963339749	5.6021188208797	11	2.353	0
BD1016_06	0.0217614917815127	0.173112617708645	1.9763847732858	1.73134216428067	7.3	0.832909122935104	4.33073334028633	5	2.033	0
BD1023_06	0.285930539412975	0.545227050483323	1.80523565038902	1.65155561370799	7.5	2.29253475714054	5.77144112313002	19	2.549	0.5
BD1032_06	0.049742091894814	0.262364264467491	1.89015592184932	1.87054386444035	7.8	1.25276296849537	5.01727983681492	8	2.142	0
BD1033_06	0.131905070879939	0.308219723669329	1.7254630513334	1.63950405592642	7.4	1.77495235091167	5.19849703126583	17	2.452	0
BD1039_06	0.0695260626486103	0.293415604299541	1.88739063097878	1.61591075004885	7.4	1.45861502269952	5.08140436498446	10	2.188	0
BD1040_06	0.0285874568519125	0.122217632724249	2.00570499233886	1.63040529213599	7.3	1.1314021114911	4.70953020131233	4	2.03	0
BD1043_06	0.0676586484738149	0.24137631957527	1.75995646498688	2.43041236933676	7.7	1.22377543162212	4.79579054559674	4	2.265	0.1
BD1048_06	0.10345870836823	0.25696509978972	1.68537049056349	1.8223319747705	7.5	2.10413415427021	5.80211837537706	9	2.318	0
N2_07	0.34571510370239	0.110646520087064	1.60271761990988	1.44882223836587	6.5	3.02836537588582	6.96959390869074	28.8116182539682	2	0
N3_07	0.372252973902051	0.0266419309464211	1.67930420215346	0	5.8	3.04485412873962	6.573472650086	18.1755916666666	2	0
N5_07	0.361164849211584	0.104360015324243	1.69032592694936	1.5643639363267	6.7	2.96468170880905	6.55112800057405	17.1703227272727	2	0
N6_07	0.163818085229395	0.175632568643158	1.20651132140752	1.12474826290904	6.7	2.5893150307618	7.38475392760189	66.3623875000001	2	1.6
N8_07	0.201306856705035	0.197210169287705	1.61198923674226	1.40086446789987	6.9	2.60758173223412	6.73038510384148	39.0862857142857	2	0
N9_07	0.148420005118273	0.142367241286922	1.61555805313746	1.42984554728975	7	2.3045733261868	6.47646767145182	13.3537204545454	2	0
N10_07	0.220740666697899	0.0925791812930932	1.49074853750981	1.36826366161646	6.7	2.65296730567978	6.77648909027351	30.8459549450549	2	0
N11_07	0.159564569671338	0.152721087017664	1.40768558788977	1.67125157929528	7	2.56009878459184	6.54588761427025	32.0412105006105	2	0.6
N13_07	0.093490343087339	0.165514438477573	1.57229919422346	0.917920362015871	7	2.27646645531072	6.49047676657678	23.6964281385281	2	0
N16_08	0.200475353332172	0.774661717149122	1.43182986155615	0.78569102324889	7.42299578869048	2.67436952740468	8.00552139863909	99.155797916667	2	0.9
N17_08	0.320838202024188	0.399457991065037	1.6560246806602	1.59004932949083	6.92792034632036	2.92762829260105	7.21244600569057	54.5699604166668	3	0.3
N22_08	0.227617793613892	0.739549938029045	1.43766302029554	1.37757472183758	7.41707666666667	2.75723503531202	7.38221824226854	83.1148729166668	3	0.1
N26_08	0.173263368290017	0.732032250061866	1.31583241868315	1.36413838634931	7.44270679292931	2.62434622936852	7.91380693105186	80.0784833333333	2	0.9
N29_08	0.264680855653671	0.210977906177623	1.73519284935663	1.65739611343114	6.83999639610392	2.68628515992046	6.72657720815883	31.2883140054389	2	0.1
N30_08	0.153150930244144	1.00471682038579	1.11225885883607	1.61555805313746	7.46024990214647	2.39363483258758	8.59529437246922	78.2518958333332	3	1.2
N32_08	0.195151944808217	0.606829006578981	1.0705291605995	1.43956870034789	7.31658916666668	2.71297898703738	7.08701303602009	73.7716125000001	2	0.1
N33_08	0.193432095612195	0.607742345919908	0.848012347965441	1.44517448606505	7.33612184027779	2.67839406955722	7.13295498163428	62.4742979166669	2	0.1
S170011_08	0.171413148877526	0.643491530033408	1.59451225910557	1.52783983185508	7.3981143939394	2.65094805000339	7.15345421429842	76.0959041666667	3	0
S170012_08	0.198384859278736	0.612808536740517	1.58118857294622	1.76851392045601	7.27991547619048	2.69462718077007	7.62364194651157	142.8	2	0.3
S170013_08	0.122811779473895	0.546399744251636	1.62145403095835	1.38647429869641	7.280160981241	2.46247601190544	6.83386202736406	67.6815145833334	2	0
S170016_08	0.313349819200359	0.159564569671338	1.59045995136017	1.60723229115165	6.7	2.90690105984738	6.67544483984311	36.3	2	4.4
S170019_08	0.247641022914597	0.28292075535007	1.58756448332165	1.82607814740772	6.7	2.88480071284671	6.42454482224912	66.3	2	0.1
S170022_08	0.21591750622247	0.286681572118197	1.61413971763607	1.38771400405163	6.9	2.71469474382088	6.87419849545329	149	3	0
S170025_08	0.236651901339002	0.122217632724249	1.7472547592587	1.66512639686998	6.8	2.59525470695687	6.46567805237724	30.5	2	0.2
S170026_08	0.413082742341089	0.536398191179458	1.58714678025855	1.77471262561844	7.11497416666667	3.31418600467253	7.22635445406864	127.9	3	0
S170031_08	0.229719451443091	0.52063359718066	1.69999534295699	1.23866552140029	7.09675892857144	2.81202565410735	7.01307960398509	73.9669166666668	2	0
S170032_08	0.219135529916671	0.157003748809665	1.6571227645934	1.33428537248171	6.5	2.62466859216316	6.34035930372775	67	2	0
S170033_08	0.170745466419181	0.449482411235795	1.72315325101106	1.74386238890417	7.1251309920635	2.59291793881245	6.63860823337482	37.9382818778443	2	0.1
S170034_08	0.182801223481525	0.446359237169518	1.6524030880939	1.68236668410914	7.11328103174603	2.62277161554719	6.85648851055856	41.873436426074	3	0.5
S170036_08	0.182321556793955	0.165514438477573	1.65155561370799	1.88266796014511	6.7	2.484906649788	6.35610766069589	35.7	2	0.4
S170037_08	0.204572165728774	0.0769610411361284	1.7513148227388	1.95116997900946	6.5	2.61739583283408	6.80350525760834	17.8	2	0.5
S170038_08	0.203500364968983	0.164224149188689	1.76969648330667	1.80686040681696	6.88117905303031	2.61298877607014	6.46489658949834	17.4899113636363	2	0.1
SBy36_06	0.0815799869924228	0.144100343973757	1.57501476613144	2.2475845891835	6.8	2.50959926237837	6.19174880427611	18.8	2.49	0
SAs32_06	0.0535407669280298	0.22314355131421	1.57320916484779	2.45598035814903	7.4	1.97408102602201	6.37331978957701	13	2.337	0.6
SKa5_06	0.0295588022415444	0.246860077931526	1.5718423957831	2.45598035814903	7.3	1.75785791755237	6.47850964220857	6	2.327	0.6
SVi15_06	0.198850858745165	0.148420005118273	1.68329708368182	1.71731300539286	6.8	2.68102152871429	6.57228254269401	16.8	2.175	0.8
S170005_07	0.308709439643857	0	1.8506736262232	1.22844503506359	5	2.77518950393984	5.93357056868908	7.33333333333333	2.074	0
D79_08	0.130150684465045	0.929404371019538	1.56531665505968	1.65296559971526	7.2	2.72129542785223	7.72466756687601	86.5	3	0.9
D81_08	0.294905917541101	0.74288927245476	1.54519363154793	1.49002530906985	6.8	3.18635263316264	7.0796055359088	63.5	2	0.1
D83_08	0.202124184090134	0.707050085728937	1.48929922541755	1.47959047901902	7.2	2.9704144655697	7.19105275311609	70	2	0
D88_08	0.223943231484774	0.715397789494765	1.5555453730992	1.58419374708306	7.1	2.92316158071916	7.31021587807	149.5	2	0
D97_08	0.336472236621213	0.324977857195478	1.57000297420849	1.30504295282867	6.5	3.08648663682246	6.97119945153867	128	2	0
D98_08	0.136277618292548	0.216722983511287	1.42984554728975	1.34975231076127	7	2.45100509811232	6.01737592889248	23.5	2	0
D100_08	0.346422567474381	0.348541960708543	1.5996388013001	1.28975285458143	6.8	3.13983261752775	7.53021171891931	212	3	0.4
D109_08	0.0962188577405429	0.622188091619451	1.52842695055997	1.72026120589696	7.3	2.50959926237837	6.33947708046806	34	2	0.1
D111_08	0.19062035960865	0.141499562273699	1.68306500113563	1.6190516765007	6.6	2.71469474382088	6.19746193958722	21	2	0
D113_08	0.346422567474381	0.0788111804242898	1.72189476247005	0.62885862143468	6	3.07269331469012	6.29249463707926	33.5	2	0
D114_08	0.231905056982783	0.260824618281898	1.72007860952669	1.55804020752867	6.9	2.78501124223834	6.20959555659865	16	3	0
D120_08	0.341459778132252	0.221542269947236	1.62813101506716	1.4142779693193	6.6	3.23080439573347	6.81783057145415	26	2	0
D122_08	0.467500499027617	0.951271700769401	1.56531665505968	1.54142124691913	7	3.69386699562498	7.57788968523301	108.5	3	0.6
D125_08	0.121332285167525	1.17588192415941	1.56531665505968	1.58630827892346	7.3	2.86220088092947	7.36707705988101	134	3	6.5
D126_08	0.105260510657493	0.78754785598143	1.57000297420849	1.24114975015993	7.5	2.45100509811232	6.38519439899773	39.5	3	0
D127_08	0.108854404912082	0.768254653046751	1.60347857350485	1.34061132251487	7.4	2.60268968544438	6.38856140554563	33	2	0.9
D1_06	0.231111720963387	0.131028262406404	1.67348881600924	1.25317315628234	6.4	2.71912284992997	6.27335582271302	13.7739977272727	2	0
D7_06	0.232149572060461	0.530606319321799	1.49643401660442	1.69874042480815	7.18849535714288	2.81032260930482	7.11401642779026	73.9743458333333	2	0
D17_06	0.0421011760186353	0.670390193437329	1.47414401436302	2.23039917454536	7.9	2.42480272571829	6.82274190465518	55.4	3	1.4
D34_07	0.0833098960647137	0.211240292547629	1.70870182538799	1.6729943813878	7	2.167755938418	6.11146733950268	10	2	0.3
D38_07	0.224674632723198	0.699372418796381	1.57000297420849	1.63360041984332	7.9	2.83342977721551	7.1708884785125	163.5	2	0.1
D40_07	0.190264854311146	0.574153821848929	1.52246703028769	1.77229049392485	7.5	2.69213187252166	6.43133108193348	55.5	2	0.9
D43_07	0.180300925422874	0.6667965805773	1.41960684151002	1.26008712250834	7.6	2.65266016673479	6.84161547647759	98	4	0
D46_07	0.164491599171573	1.16101076111745	1.39736348117304	1.26234457903371	7.4	2.68766251481361	6.39859493453521	180	3	0.8
D47_07	0.183176900208854	0.584890444478499	1.52246703028769	1.55853491098295	7.3	2.67662222963908	7.42117752859539	63	3	1
D53_07	0.193096629961913	0.298622012490115	1.55044602116209	1.73552306867925	7.1	2.72785282839839	6.80161668292047	59.3	2	0
D54_07	0.307484699747961	0.562468856917829	1.48187663609891	1.6646051401963	6.9	2.99573227355399	7.75546733929099	171	2	0.5
D56_07	0.213121834579797	0.326500721615091	1.59570923040387	1.42376739950864	7.1	2.66060420132074	6.39024066706535	21	2	0
D58_07	0.219147828385873	0.623546866964325	1.67593802499019	1.31757846272403	7.3	2.79509776791317	7.46508273639955	105	2	0
D59_07	0.0797349680188535	0.418710334858185	1.7254630513334	1.92792241984758	7.2	2.35367338610331	6.34738920965601	17.5	2	1
D25_07	0.120902092264004	0.84372003903932	1.5555453730992	1.83876581376614	7.7	2.45744980355496	6.78671695060508	40	2	0.4
D62_07	0.15092369810563	1.24633499613317	1.4087998161504	1.6627671832646	7.4	2.62887954055416	7.74109909003537	72	3	2.6
D63_07	0.147342410661929	0.614213478968989	1.50330099800484	1.67373545420116	7.6	2.56971956723745	6.89365635460264	32	4	0
D64_07	0.147960519439532	1.04484510340105	1.49643401660442	1.51567363952557	8	2.6776381020421	6.74641212857337	28.5	2	0
D65_07	0.166785689216096	0.615226398175333	1.5555453730992	1.5718423957831	7.5	2.66630926596681	7.48773376143644	56	3	1
D66_07	0.150201330177886	0.40212620684265	1.59168587434938	1.75366924117333	7.3	2.59711864039493	6.60123011872888	60.5	2	0.2
D67_07	0.204933171977928	0.51057903297537	1.64372093018883	1.33104885709328	7.5	2.64663480945863	6.97166860472579	56	3	0
D68_07	0.199117503165415	0.507811593278955	1.63454690370149	1.3452323543377	7.2	2.67432383933439	7.0352685992811	44.5	3	0
D69_07	0.158742490512084	0.414019856842879	1.58334052083969	1.41749272533134	7.3	2.56555942774107	6.44730586254121	40.5	2	0
D72_07	0.198304837337264	0.35468209286279	1.61801130918104	1.47335276921817	7.2	2.57500503945459	6.22653666928747	30.5	3	0.1
D73_07	0.186644204643781	0.363758703101643	1.64372093018883	1.46358692442455	6.9	2.58478295820607	6.30261897574491	31.5	4	0
D76_07	0.200186268228868	0.34544914477157	1.59168587434938	1.3985373688298	7.1	2.68087112156666	7.09090982207998	130	3	0
M003_08	0.283674051054242	0.415415438961333	1.01445426156562	1.86791594445198	6.9	2.73436750941958	7.70043100225698	45.4	2	0.5
MD03_00	0.347835995271528	0.209450224182207	1.62145403095835	1.80926296435152	6.6	3.0340691828061	7.40242166264892	56	2.559	2.4
MD15_00	0.0788111804242898	1.56464972964397	1.50991820038366	1.48413490787006	7.9	2.35110440759623	8.66927958779002	129	2.956	5.1
M5_03	0.061014467385403	1.59078547391713	0.959134838920824	1.72315325101106	8	2.15346515105795	8.90598676523643	107.5	3	2.9
M3B_07	0.067959174443241	1.37939561942873	1.54678592405062	1.67618086712836	7.77770833333333	2.45190429999362	8.25297379391972	93.2083333333333	2.539	0
M10_98	0.133950730037521	1.60442537061056	1.34975231076127	1.82599011733727	7.225	2.19722457733622	8.46821300919452	91.2	4	1.1
M11_98	0.0599139641303106	1.59263079411772	1.5419651313749	1.53362565140845	7.79166666666667	1.90210752639692	9.33264649636015	72.5	4	0.8
M11B_04	0.308219723669329	0.135404637006203	1.63673424413844	2.14767996979853	6.8	2.70805020110221	6.75902322518174	16	3	0.8
M24F_04	0.205386829724951	1.31721219993245	0.899598192498245	1.83427850286077	7.7	2.26176309847379	8.45376338875645	93.8	4	2.4
MSi5_08	0.0655564403819446	1.13755413014115	1.66064037933481	1.70329275882383	7.74411010416661	2.31365283754033	7.94182063166245	78.6666666666667	2	1.8
MSi11_08	0.0696202228091014	1.59705939709232	1.41960684151002	1.88999163617446	8	2.54160199346455	7.9728107841214	115	3	4.1
MSi12_08	0.0701192609461665	2.0259088997188	1.48187663609891	1.53476054666594	8.2	2.04122032885964	8.87033991851153	82.3	3	2.7
MSi13_08	0.0998453349697161	1.92381060013893	1.45764638302287	1.58588747115349	8.7	2.19722457733622	8.98732181285012	83.8	3	1.8
MSi14_08	0.0925791812930932	1.91471429328683	1.55044602116209	1.6571227645934	8.6	1.91692261218206	9.02813480845475	107	3	2
MSi15_08	0.123985979780991	1.92088533843614	1.56049976161083	1.62281126712687	8.8	2.34180580614733	8.48349161974322	151.7	3	0.7
MSi17_08	0.0645385211375712	1.68257330404657	1.4087998161504	1.76313892464495	8.2	2.52127429395887	8.76661249174269	137.7	3	4.2
MSi18_08	0.0643475997408926	1.77206683588232	1.61090347501892	1.6234857176732	8.2	1.87180217690159	8.68287710705717	72.3	3	0.7
MSi20_08	0.0503762073250669	0.0392207131532813	1.58756448332165	1.81414021428327	5.99884563807721	1.96633505390735	8.4811928871752	43.7	3	3.4
MSi21_08	0.062688894966562	1.26198618452241	1.72368941930815	1.57000297420849	7.83033793560603	2.23664731649126	8.21635833238616	28.5	2	1.3
MSi22_08	0.0633920308353247	0.0629747991613884	1.7272161148849	1.58291229932972	6.47754544507575	2.01342044058204	7.40171954567272	32.3	2	2.6
MSi23_08	0.0475195159679764	0.0459289318883997	1.57000297420849	1.64520075840364	6.15989209280303	1.77117876152803	7.93376103187915	25.1	2	1.6
MSi27_09	0.0376168635713068	1.59642366833887	1.65794141495798	1.47176013491382	7.835	1.45861502269952	8.77601271918292	90	2	0
MSi28_09	0.0684218696075135	1.86841840712242	1.51630194085284	1.56579105308187	7.9	2.10172339163711	8.90031725316691	82.5	3	1.5
MSi29_09	0.0616060699257454	1.65466683018798	1.76134863954306	1.60156967278263	7.96958333333333	2.08852384664259	8.54335650086341	62.9583333333333	3	0
MSi30_09	0.0573250666192694	1.44644828393964	1.56049976161083	1.77796285610022	7.9	2.43361335540045	7.07343919462307	58.9	2	3.6
ACpf01_08	0.417393678973438	0.00498754151103897	1.15878230575197	1.4764977772163	4.6	3.25809653802148	5.91620206260743	21	3	0
ACpf02_08	0.281412459438185	0.0723206615796261	1.31407184095952	1.69619962690884	6.6	2.77258872223978	5.80211837537706	17	3	0
ACpf03_08	0.144100343973757	0.00498754151103897	0.951362544505703	1.45850658144455	4.3	2.94443897916644	7.37838371299671	32	3	1.4
ACpf04_08	0.0870947068509337	0.00498754151103897	1.26008712250834	1.42984554728975	5.2	2.2082744135228	5.48479693349065	10	2	0
ACpf06_08	0.263901543786378	0.173953307123438	1.70165286186296	1.26898139628505	6.6	2.83321334405622	6.25575004175337	22	3	0
ACpf08_08	0.141499562273699	0.00498754151103897	1.05493976890473	1.43379396246629	4.8	2.83321334405622	6.4150969591716	21	2	0
ACpf10_08	0.243730184922598	0.122217632724249	1.60002675584974	1.58756448332165	6.4	2.77258872223978	6.36475075685191	22	3	0.3
ACpf11_08	0.246078522596706	0.157003748809665	1.61731407898745	1.49002530906985	6.8	2.70805020110221	6.13339804299665	23	3	0.6
ACpf12_08	0.308954207727321	0.0815799869924228	0.756780031463466	1.77086951743964	6.4	2.89037175789616	6.17586727010576	23	2	0
ACpf13_08	0.515215972067284	0.00498754151103897	1.17248659547825	1.7471022297612	5.2	3.3322045101752	6.36475075685191	26	3	0.1
ACpf14_08	0.410784269585764	0.00498754151103897	0.670651767933424	1.43766302029554	4.5	3.29583686600433	6.46302945692067	24	2	0
ACpf17_08	0.55732745741741	0.00498754151103897	1.02063357620834	1.59491219406695	4.9	3.43398720448515	6.66057514983969	55	3	0
ACpf21_08	0.437609561434732	0.0217614917815127	1.7921932288739	1.55654760055417	5.7	3.2188758248682	6.27476202124194	22	2	0
ACpf22_08	0.556181325486788	0.00498754151103897	1.05493976890473	1.88121170138974	4.8	3.36729582998647	6.17586727010576	23	3	0
ACpf23_08	0.575489137091713	0.00498754151103897	0.926659313266212	1.70771441059577	4.7	3.36729582998647	6.13339804299665	24	4	0.1
ACpf24_08	0.549854010733469	0.00498754151103897	1.22046489585094	1.48338521013246	4.9	3.55534806148941	6.11146733950268	39	4	0
ACpf25_08	0.654925967739748	0.00498754151103897	0.899598192498245	1.81133207588873	5	3.58351893845611	6.13339804299665	27	4	0.3
ACpf26_08	0.219938420365261	0.139761942375159	1.53977945795227	1.76051492105081	6.8	2.39789527279837	5.96870755998537	21	3	0.8
ACpf29_08	0.129272335704139	0.113328685307003	1.82421768746362	1.23615351646328	6.9	2.26176309847379	5.63835466933375	10	2	0
ACpf30_08	0.0769610411361284	0.00498754151103897	1.30504295282867	1.55853491098295	3.6	2.07944154167984	7.1708884785125	25	2	0.8
ACpf31_08	0.294905917541101	0.139761942375159	1.57411433990374	1.54250734263478	7	2.83321334405622	5.77144112313002	16	3	0.4
ACpf32_08	0.375005900623456	0.113328685307003	1.79140736079078	1.27542336550374	6.8	2.99573227355399	6.11146733950268	29	2	0
ACpf33_08	0.574363644569978	0.00498754151103897	1.68876620374361	1.14424387087532	4.7	3.49650756146648	5.99396142730657	27	3	0
ACpf37_08	0.188966099512623	0.122217632724249	1.54836390381267	1.57546321285994	7.1	2.484906649788	5.91620206260743	14	2	1.2
ACpf40_08	0.42918163472548	0.00995033085316809	1.54250734263478	1.49989981377857	5.5	3.29583686600433	6.2363695902037	33	3	0
ACpf44_08	0.271552690521897	0.104360015324243	1.71335477970012	1.26457916530681	6.9	2.70805020110221	6.52356230614951	29	2	0.9
ACpf45_08	0.189793571632656	0.0601539228197471	0.462341011799065	1.0016484949026	6.8	2.484906649788	5.96870755998537	16	3	0
ACpf48_08	0.191446464570955	0.113328685307003	1.87230927095914	1.25081978247535	7	2.35137525716348	5.56452040732269	10	2	0
ACpf49_08	0.395414772254663	0.0535407669280298	1.80348861588092	1.4087998161504	6.4	3.04452243772342	6.06610809010375	24	3	0
ACpf50_08	0.263133199530368	0.0769610411361284	1.58162114079069	1.52725077356522	6.8	2.83321334405622	6.25575004175337	21	2	0
KIS 8_07	0.303920914936094	0.224742272677907	1.75072031118444	1.51249885088538	6.6	2.89037175789616	5.70711026474888	17	2.355	0
KIS 12_07	0.364758268994308	0.14583044821154	1.93288869552112	1.20937078612125	6.4	3.17805383034795	5.88887795833288	17	2.398	0
KIS 15_07	0.134606501987283	0.542905517229402	1.90649344959239	1.32776142953833	7.5	2.09186406167839	5.48479693349065	8	2.112	0
KIS 17_07	0.115405881052545	0.421994410059375	1.94604152697896	1.58546561893004	7	2.56494935746154	5.25227342804663	7	2.149	0
KIS 19_07	0.158885970103261	0.188137942115395	1.95922052568568	1.78077838607588	7	2.26176309847379	5.48479693349065	12	2.147	0
KIS 23_07	0.22234993951796	0.222343231143441	1.82739193556701	1.42581471976718	7	2.70805020110221	5.77144112313002	8	2.222	0
KIS 24_07	0.140244144937393	0.188137942115395	1.85783723344809	0.926659313266212	6.7	2.21920348405499	5.35185813347607	6	2.049	0
KIS 26_07	0.0701124430176422	0.25386672395705	1.92507237481432	1.33747240397772	7	1.64865862558738	5.01727983681492	3	2	0
KIS 27_07	0.0844950887902085	0.193096629961913	1.95248696669884	1.67569480816594	7	1.66770682055808	5.14166355650266	5	2.025	0
KIS 28_07	0.0866854488808335	0.207014169384326	1.94390089849406	1.52185996671891	7	1.91692261218206	5.08140436498446	4	2.029	0
KIS 32_07	0.158618528267357	0.224742272677907	1.89205753617809	1.71525246912146	6.8	2.05412373369555	6.11146733950268	13	2	0.2
KIS 34_07	0.135698006415549	0.273836665629728	1.95402260787586	1.06024202544431	6.9	1.70474809223843	8.71620797115185	5	2	0
KIS 36_07	0.128688685624459	0.331459694797669	1.82981148841843	1.70731765854633	7.3	2.21920348405499	5.63835466933375	7	2	0.1
KIS 39_07	0.114989606800231	1.59615001810717	1.7554107335147	0.756780031463466	7.8	1.22377543162212	8.63070043220983	10	2	0
KIS 40_07	0.199988915582396	0.276115436080316	1.77894840976956	0.741276311375015	7	2.63905732961526	5.80211837537706	9	2.106	0
KIS 41_07	0.279068548242503	0.283674051054242	1.81005479161747	1.52783983185508	6.7	2.77258872223978	5.91620206260743	14	2.327	0.3
KIS 42_07	0.0829729418096497	0.276115436080316	1.85184556618956	1.86720201597855	7.2	2.29253475714054	5.67332326717149	9	2.042	0.2
KIS 46_07	0.168581166553617	0.377751269540649	0.385264869662247	0.425678272731624	6.7	2.484906649788	6.55250788703459	32	2.579	18.5
KIS 47_07	0.36514987173838	0.0639133257436529	0	1.54304789022132	5.9	3.09104245335832	5.83188247728352	39	2.664	0.7
KIS 49_07	0.276073314440924	0.238229188732251	1.50330099800484	1.66382004018116	6.8	2.89037175789616	6.17586727010576	29	2.504	0.1
KIS 55_07	0.300402965441107	0.283674051054242	1.8107440020776	1.03834880923333	6.7	2.89037175789616	6.3818160174061	51	2.323	22.7
KIS 61_07	0.181364952207503	0.278389025540188	1.75598668894755	1.80584712821773	7.2	2.484906649788	5.70711026474888	10	2.131	0
KIS 63_07	0.206094649863532	0.188137942115395	1.65268458995911	1.38270842374995	6.8	2.56494935746154	5.73979291217923	16	2.534	0
KIS 64_07	0.357352565816313	0.171429115627531	1.77697053692848	1.84115299051218	6.5	3.09104245335832	5.86078622346587	19	2.493	0
KIS 65_07	0.528569663034829	0.0353671438372913	1.83527011798907	1.43084025503116	5.7	3.43398720448515	6.06610809010375	28	2.895	0
KIS 66_07	0.204442325979419	0.266203040774657	1.96770252495693	1.63486118270024	7.2	2.77258872223978	5.86078622346587	14	2	0
KIS 67_07	0.338760428400811	0.442760892851861	1.96823588572107	0.908905343275752	7.2	3.17805383034795	5.9427993751267	13	2	0
KIS 68_07	0.0873269452482843	0.224742272677907	1.98521095341683	1.54992780771055	7.1	2.35137525716348	5.56452040732269	11	2.238	0
KIS 69_07	0.0798792957211318	0.273836665629728	1.95282242046676	1.71768467132444	7.2	2.07944154167984	5.25227342804663	4	2	0
KIS 73_07	0.331305546434138	0.19062035960865	1.88513575881704	1.28776286127577	6.7	2.99573227355399	5.88887795833288	16	2.499	0
KIS 74_07	0.154295500509069	0.00995033085316809	1.87650170995358	1.88587283577817	6.8	2.16332302566054	6.13339804299665	10	2.276	0.1
KIS 75_07	0.235711736722499	0.195566783543975	1.85133408717831	1.57501476613144	6.8	2.70805020110221	5.73979291217923	10	2.251	0
KIS 76_07	0.184257484705982	0.179818426575836	1.86869045475718	1.77008854630365	6.8	2.37954613413017	5.70711026474888	6	2.143	0.2
KIS 78_07	0.195879592397847	0.242946178610389	1.94139307280998	1.51121313099706	7.1	2.484906649788	5.99396142730657	14	2.155	0
KIS 79_07	0.134669551494098	0.377751269540649	1.91517455921115	1.73894710624141	7.3	1.98787434815435	5.39816270151775	7	2	0
G1_08	0.522951803563831	0.185649346886629	1.79573165644404	1.76611962043667	6.6	3.26575941076705	7.01902828139157	29.8	3	0
G2_08	0.200482279100152	0.297121072102379	1.84874738954493	1.32102781884069	7.00480165584416	2.63157961889222	6.73235175730572	23.5447484154734	3	3.6
G3_08	0.342389102158875	0.264089844394793	1.74370633586132	1.55147786695451	6.86731809163062	2.89404647931099	6.92397528720534	33.3562935897436	2	1.8
C4_07	0.18509548367668	1.28785428830664	1.28776286127577	1.76341242107073	7.48	3.10906095886099	6.96445062265868	20.6666666666667	4	0.1
C5_07	0.202124184090134	0.895679777970031	1.44145561399971	1.77597136458595	7.4	3.16547504814109	6.77227913941969	15.9	2	0.2
C7_07	0.152080144891326	1.24733387665819	1.12877416523037	1.92788156798944	7.52319833333332	2.77306878375948	7.44023166432883	54.5344625	3	0.5
C8_07	0.195654910143169	0.941966234514445	1.04399756633448	1.76037550613922	7.42890166666668	2.84051231012552	7.21216255222849	57.6886942307693	3	4.2
C9_07	0.194362453915177	0.996065095854433	1.18226787693669	1.82660515766302	7.44415166666667	2.83969182312342	7.23577750988982	55.8441717948719	3	0.6
C12_07	0.437609561434732	0.116893751471499	1.56579105308187	1.68001624875289	6.3	3.41772668361337	6.70441435496411	16.2	3	0
C14_07	0.253074193799714	0.922336221023874	1.49002530906985	1.73403132149329	7.42998354166667	2.93541517885101	7.14180113032529	75.0239708333335	3	0.2
C16_07	0.195401710609981	0.982390783188632	1.45416588781849	1.87801039271117	7.45676166666667	2.85297415963631	7.19703909296079	45.4013471916973	3	0.8
C18_07	0.243502678518712	0.913586946605525	1.50194813492635	1.64783079389125	7.32724424242423	3.00166736410333	6.96071734769096	23.7266982323232	3	0.8
C23_07	0.0947418365096856	1.43904492650542	0.908905343275752	1.75713188605472	7.8875	2.59734194747668	8.04947247966358	113.583333333333	4	0.6
C26_07	0.163433885797572	1.25082856302463	1.15522943132929	1.52246703028769	7.49533791666666	2.76481576421739	7.77902086211284	92.9164020833334	3	0.4
C27_07	0.218974273674219	0.890708410276744	1.39138759011655	1.49074853750981	7.33082583333332	2.93727411835725	7.02569243609453	33.0276636904761	2	0
C28_07	0.196724349805902	0.856554598568211	1.58963770972821	1.46771810962755	7.32854464285713	2.85583984201073	7.03890455745762	32.6413141941392	2	1.8
C29_07	0.19127276382662	1.00111080972055	1.14046789469966	1.77546918062309	7.43110583333334	2.78554776788882	7.18911618992191	56.9568967948719	4	0.8
C35_08	0.327787168243357	0.998489083707213	0.943367200494273	1.65408474957753	7.24752916666666	3.13102823057773	7.10662512661805	32.4617692307692	2	0.2
C40_08	0.148295302659337	1.32293154856604	0.899598192498245	1.53867638779383	7.58461104166665	2.66321236768871	7.88959120013342	89.3658083333334	4	0.2
U8_07	0.431782416425538	0.0227394869694893	1.70791240264708	1.41535544395614	5.5	3.04927304048202	6.1735777488642	12.3	3	0
U9_07	0.16805358499625	0.505612056713103	1.162283113884	1.61378323172225	6.4	2.68215822947686	7.40083480813824	110	2	1.2
U16_07	0.0760346862759976	0.486687567153753	1.64549510692511	1.90668641872626	7.34619625901873	2.35643348581184	6.27476202124194	34	2	0.1
U17_07	0.150142658429719	0.584666405125391	1.68445236566202	1.41642700947816	7.39544320346322	2.55337906543482	7.00397413672268	38	2	0
U19_07	0.0971267107307228	1.18123480679284	1.58291229932972	1.55199151594767	7.59458416666665	2.61692963734897	6.49375383985169	72	3	0
U20_07	0.268499253035007	0.158490758251025	1.68048915987666	1.45678224805594	6.74903613636363	2.71363068345682	6.58063913728495	25	3	0
U22_07	0.0723206615796261	1.02288129071859	1.56673595961808	1.63889260468225	7.61620647727271	2.35235559280396	6.11146733950268	38	2	0.2
U24_07	0.120446153075867	0.224313333518809	1.80645596830719	1.52665976378072	7.07120416666667	2.19087821911236	5.86078622346587	2.5	2	0
U26_07	0.109750863959119	0.587151736947043	1.48710363284492	1.5643639363267	7.54497336940838	2.51498496044419	7.00397413672268	20	2	0.7
U27_07	0.171429115627531	0.997808658569143	1.38270842374995	1.53476054666594	7.38922249999998	2.8692899795016	6.60800062529609	36	2	0
U28_07	0.160416721405905	0.145638873291466	1.64695886389863	1.47015379595512	6.76184841991341	2.47801232154652	6.60800062529609	27	2	0
U29_07	0.17898265552844	0.173361435323204	1.64637495104582	1.6038577579405	6.82595747294372	2.53760817901414	6.69826805411541	28	2	0
U31_08	0.0440168854167743	1.33672863065165	0.889981468576569	1.67024700516673	7.68177231060603	2.32658651826	6.90875477931522	50	4	1.6
U35_08	0.0685927914656117	0.651764898787032	1.18856949583743	1.63423201835005	7.37797164141415	2.43220683742724	6.74641212857337	74	4	0.3
AB3_07	0.0382587121170903	0.878381158800935	1.1947055233183	1.48111771344218	9.2	2.66025953726586	6.61338421837956	332	2	1.2
AB5_07	0.327143141332695	0.689641041230658	1.20651132140752	1.66872809742483	7.4	2.39789527279837	7.2259180586875	127.8	2	1.5
AB6_07	0.192822498252356	0.565838948467056	1.51121313099706	1.42065535647103	7.21501666666668	2.62730310188467	7.01781768341585	76.1873708333333	2	1.3
AB7_07	0.227932068046007	0.468752847344083	1.04952637739778	1.69853027775145	7.2	2.66722820658195	6.77136265407658	63.7	3	2.8
AB8_07	0.0861776962410524	0.818898385865506	1.03257531961508	1.62648700960638	7.5	2.57261223020711	6.96687288346523	52.8	2	3.1
AB9_07	0.0563803334361077	0.245296355955343	1.24844125756621	1.66847352528265	7.1	2.11625551480255	5.99271376650841	14	2	2.1
AB10_07	0.0663501083887122	0.90300283754722	1.03834880923333	1.44882223836587	7.7	2.3887627892351	6.62140565176413	31.4	2	33.6
AB15_07	0.151862349309246	0.562468856917829	1.17248659547825	1.67787036073439	7.3	2.74727091425549	6.7489939865972	21.8	2	0.3
AB17_07	0.0582689081239758	0.656483196188354	1.17579234571849	1.68213321877451	6.6	2.53369681395743	8.15458640310997	44.2	2	0.3
AB19_07	0.106160195828391	1.03673688495002	1.1035676640042	1.6313704001964	7.6	2.68784749378469	7.02402606064752	45	2	1.1
AB20_07	0.170586300575534	0.907451783206951	1.36413838634931	1.69662599923914	7	2.9338568698359	7.12969810971983	39.4	4	2.4
AB21_07	0.14583044821154	1.15562254338489	0.899598192498245	1.75755904805913	7.4	2.78501124223834	7.86748856869913	74.6	2	2.4
AB22_07	0.143234168085908	1.13783300182139	1.31583241868315	1.65739611343114	7.1	2.91235066461494	7.87352165431682	79.3	2	0.6
AB24_07	0.155292884406035	1.08518926833597	1.120655136649	1.50194813492635	7.1	2.85070650150373	7.26773475692917	44.5	2	0.5
AB27_07	0.191142527466223	0.92985880124173	1.25317315628234	1.61974163584732	7.35734833333336	2.86766023720228	7.11912199479868	55.2592263736266	2	0.3
AB28_07	0.173112617708645	0.950498903203892	1.17248659547825	1.84373168566471	7.5	2.9338568698359	7.22700869027124	43.3	2	0
AB29_07	0.183154543097847	1.37926974618293	1.18226787693669	1.63104932929855	7	2.91777073208428	6.93731408122368	21	2	0
AB31_07	0.0898407039997895	1.36200166855085	0.62885862143468	1.66642211283803	7.5	2.46809953147162	7.41830086354081	69.7	2	5.7
AB32_08	0.0707430612331891	1.19536721436759	1.21498506859387	1.63391652446235	7.6510280208333	2.4990589094515	7.71467747380093	91.6	3	17.7
AB34_08	0.324977857195478	1.04027671165515	1.28776286127577	1.6492736224254	7.2	3.43720781918519	7.69270650001712	34.3	2	0
AB30_08	0.166361537215225	0.795703768885037	1.41642700947816	1.5794472551672	7.4	2.45958884180371	8.26665274924508	94.8	3	8.6
T4_08	0.358373500574314	0.0861776962410524	1.69641295974363	1.39736348117304	6.6	3.01700726410364	6.46302945692067	35	2	0
T5_08	0.323531725345478	0.314810739840034	1.73894710624141	1.18856949583743	7	2.95409267057745	6.70232884847309	66.3	2	0.9
T7_08	0.171429115627531	0.0889262091944015	1.7254630513334	1.64132472328304	6.6	2.52582076647181	6.36475075685191	19.5	2	0
T8_08	0.0880108773227134	1.24126858906963	1.55044602116209	1.65519615250567	7.4	2.37954613413017	7.47499904265293	82	2	0.8
T10_08	0.201306856705035	0.298622012490115	1.50991820038366	2.07438922165843	7.2	2.3887627892351	6.401419560489	21.4	2	0.5
T11_08	0.183986836113016	0.699626146657654	1.7272161148849	1.50861393610116	7.2	2.63905732961526	8.17498453294309	49	2	1.5
T14_08	0.142367241286922	0.246860077931526	1.72007860952669	1.92934401418398	7.1	2.23001440015921	6.00758392898787	7	2	1.7
T15_08	0.212689093410351	0.377065633586466	1.64072009935009	1.41855265009739	7.3	2.45958884180371	6.83087423464618	18.5	2	0
T17_08	0.0525924501191706	1.24126858906963	1.53248345167838	1.51692805676345	8	2.40232239747359	8.22443157322116	62	2	1
T18_08	0.257738196078709	0.132781111233818	1.68283257432881	1.7554107335147	6.7	2.79116510781272	7.16185471441679	24.5	2	1.7
VDFK001_08	0.212689093410351	0.109750863959119	1.82430684835198	1.70612121400619	6.9	2.42575938975607	5.76811534965005	7.8789659090909	2	0
VDFK002_08	0.193096629961913	0.123985979780991	1.84107408442981	1.55604720753144	6.8	2.53609443325834	6.21307993136948	11.8274977272727	2	1.3
VDFK003_08	0.268499253035007	0.0573250666192694	1.87571036675847	1.80513347946117	6.4	2.7398519667166	5.86334846518473	12.4556378787879	3	0
VDFK006_08	0.231298403873747	0.149826056394611	1.92160025453555	1.38647429869641	6.69829696969697	2.69533551911031	6.08986638221102	11.2071113636363	2	0
VDFK007_08	0.2796939576037	0.326460560434077	1.929908221014	0.981219234668272	6.92166291666665	2.80049938871851	7.11102696620336	14.8237151515152	2	0
VDFK008_08	0.200090064709137	0.160997421996821	1.929908221014	1.80348861588092	6.81568371212121	2.57396983077103	6.11369150869727	11.9788007575757	2	0
VDFK009_08	0.0647625526220832	0.50880719915583	1.82430684835198	1.86310532548853	7.48788710678213	2.2532073581327	6.77677806927252	23.3554797341547	2	1.1
VDFK010_08	0.193277974888077	0.178566917743854	1.91723408945872	1.83427850286077	6.87785034632033	2.55479576935628	6.27462419002363	11.6186931818181	2	0
VDFK012_08	0.125207166049146	0.189811216913978	1.86290389055195	1.08522128946088	6.92711002164501	2.32525523026668	6.17398205692411	11.34305	3	0
VDFK014_08	0.0839517009511697	0.166621593716541	1.88167945212704	1.5079582647588	6.96225095238097	1.92170771392739	5.64293437995489	6.18989393939395	2	0
VDFK016_08	0.167902761522973	0.529883323812806	1.81509564300325	0.943367200494273	7.15406415584415	2.55556623759192	6.93121264115988	13.9967810606061	2	0
VDFK017_08	0.0940284910234622	0.23034701065756	1.85601087126303	1.24603708612156	7.10962309523809	2.07714259430603	6.0020728710072	7.88439621212123	2	0
VDFK019_08	0.19454757413509	0.167676355298344	1.95530984603248	1.0899350924624	6.788604491342	2.57411966884443	6.32245188820101	12.3007863636363	2	0
VDFK022_08	0.266774907878832	0.156502626117662	1.9763847732858	1.4515128711338	6.72695318181816	2.76129901511474	6.2460556336834	12.1004848484848	2	0
VDFK026_08	0.196805231220535	0.15541092619943	1.80523565038902	0.880036196326812	6.80976550865801	2.55967070627449	6.38710538808328	12.3095825757576	2	0
VDFK029_08	0.0848284127226134	0.177023938047272	1.77073964639405	1.36274449193538	6.96044845238097	2.04983115509017	5.82360786772455	7.41972954545455	2	0
VDFK030_08	0.0784979907368884	0.242810809971344	1.90802919925623	1.42884568962479	7.08264416666669	2.04177025633097	5.8399163944338	6.85742272727273	2	0
VDOK100_08	0.182742817257654	0.441058677250048	1.2231562025271	1.85894898840465	7.12637734126984	2.61225949316432	6.82336783827692	33.8573860292485	3	0.8
VDOK874_08	0.19250109189016	0.409342747724982	1.39736348117304	1.48035566902446	7.02111557359305	2.6463497229821	7.46335350254085	63.28743125	4	6
VDFK024_08	0.195171718136242	0.483908765087546	1.90802919925623	0.724990137662734	7.1042488095238	2.58517077229638	7.06504485588493	14.4634977272727	2	0
VDFK020_08	0.085665930615781	0.213594100098062	1.85601087126303	1.08522128946088	7.0062892857143	2.02320362651085	5.78995624632278	7.65763257575759	2	0
VDFK013_08	0.242177909711191	0.135634304953645	1.91723408945872	1.120655136649	6.61484090909089	2.7085549726735	6.11852001613017	11.2393325757576	2	0
VDFK011_08	0.247417965607116	0.115749042568285	1.93770506136152	1.26898139628505	6.48752424242423	2.69491757676651	6.35563555853246	12.9345068181818	2	0
VDFK005_08	0.214556350250071	0.15492177021574	1.88167945212704	1.69555786079634	6.77701775432902	2.64912478777115	6.2631947815733	11.5328583333333	2	0.4
VDFK004_08	0.214506754401817	0.11642300011607	1.85601087126303	0.707848296256166	6.564	2.56265267448405	6.07058167271641	10.1607977272727	2	0
VDFK023_08	0.207054072857344	0.171662590195553	1.89286414202015	1.15878230575197	6.85929598484847	2.58078373564233	6.38624123704354	11.5779371212121	2	0
W3_08	0.182792457807428	0.412623522241235	1.9828477995681	1.61378323172225	7.08709216450215	2.64772715177359	7.48421251686683	25.2566611208235	2	0
FF1_06	0.131905070879939	0.47933495667462	1.85881051916441	2.09428528100148	7.3	2.4423470353692	6.96715562226358	11	2	0
C6_L_07	0.119477931841353	1.49962304642689	1.31050618620479	1.50597690267938	7.6	2.484906649788	8.1318247850072	146	2	0
I28_L_07	0.0717637364997998	1.80500469597808	1.50330099800484	1.04952637739778	8	2.19722457733622	9.16962253869762	100	2	0
E21_L_07	0.0677452231269522	1.78674692740451	1.74370633586132	1.36413838634931	8	1.94591014905531	9.25922576970599	78	2	0
O18_L_07	0.148708171722368	1.65822807660353	1.6524030880939	1.16913396375619	7.9	2.56494935746154	8.68287710705717	237	2.86	0
M36_L_07	0.150314330440225	1.27815220250019	1.39736348117304	1.1947055233183	7.7	2.484906649788	9.08262063037381	182	4	0
F26_L_07	0.378616746708295	0.457424847038875	1.78787422182303	1.77734345497902	6.5	3.04452243772342	8.41205487329293	93	2.671	0
A14_07	0.453620149995211	0.0667236320429081	1.84724687923139	1.0899350924624	6.3	3.32143241319329	6.52209279817015	19	2.482	0
K24_07	0.157003748809665	0.0925791812930932	1.83868552093873	1.4087998161504	6.6	2.42480272571829	5.70711026474888	9	2.014	0
Berg1_06	0.179223847175182	0.117783035656383	1.98788141391564	1.68831768711999	6.8	2.45100509811232	5.28573858434118	9	2.111	0
Berg2_06	0.0779694130296398	0.262364264467491	1.96417801518273	1.69143052902892	7.2	1.97408102602201	5.29078910012725	3	2.095	0
NMK36_07	0.0139029051689914	0.274596832903125	1.93386678408127	1.99147448290353	7.3	0.955511445027436	4.98565930802608	2.8	2	0
NMK1_06	0.0401817896328318	0.185649346886629	1.97216372026274	1.4087998161504	7.1	1.33500106673234	5.37249676472229	11.4	2	0
NMK38_06	0.100749903100143	0.129272335704139	1.9414297785949	1.7186098833233	6.8	1.82454929205105	5.38632824387075	6.2	2	0
NMK7_06	0.307484699747961	0.158711691154821	1.80523565038902	1.5643639363267	6.4	2.80336038090653	6.15102911677932	21.5	3	0.1
NMK7_07	0.328584063772207	0.112435429329788	1.80003447130489	2.33304537012101	6.3	2.97552956623647	6.24183408467578	15.1	2	0.1
NMK51_07	0.283674051054242	0.12575120530556	1.74213674380532	1.51817378836237	6.7	2.88480071284671	6.32238569059562	15.3	2	0.3
NMK55_07	0.356274863917393	0.0129162252665462	1.62145403095835	1.3788704886377	5.6	2.88480071284671	6.72563370219085	14.7	2	0.4
NMK17_07	0.295650242100958	0.0582689081239758	1.83126011355907	1.52246703028769	6.2	2.77258872223978	5.84788281862996	7	2	0
NMK59_07	0.116893751471499	0.297879897428227	1.84264362661209	1.95062561685528	7	2.4423470353692	6.25728437270263	9.5	2	0.3
NMK57_07	0.25619140536041	0.0129162252665462	1.85741795226475	1.51879343173893	5.5	2.76000994003292	6.13426534573965	7	3	0
NMK11_06	0.0421011760186353	0.0769610411361284	1.99553094240114	1.7254630513334	6.8	1.30833281965018	5.48645530866343	5.3	2	0
CA42_04	0.206200830583898	0	1.77709494979393	0.707848296256166	5.4	2.55722731136763	5.8780158546004	6	2.078	0
NMK54_07	0.502591818838887	0	1.67100103274163	1.39736348117304	5.1	3.06805293513362	6.78196527292384	14	2	0
NMK30_06	0.246078522596706	0.19638881400539	1.80421060037843	1.52842695055997	6.5	2.56494935746154	6.49223983502047	22.3	2	0
NMK33_07	0.233489843368354	0.157003748809665	1.84874738954493	1.20068371729165	6.3	2.54160199346455	6.14846829591765	6.8	2	0
NMK9_06	0.071389996086673	0.25696509978972	1.93386678408127	1.70267984028498	7.5	2.00148000021012	5.50938833662798	4	2	0
CA31_04	0.15785808461558	0.12751332029896	1.9056215095903	1.31583241868315	6.7	2.26176309847379	5.81054201122774	6.8	2.159	0
NMK32_06	0.180653499693258	0.63974640383283	1.84874738954493	1.35850472064663	7.3	2.64617479738412	6.87585172996913	22.3	3	0
NMK46_07	0.0732504617395927	0.236651901339002	1.92330578704505	1.74831809719495	7.1	1.88706964903238	5.29481122721875	2.5	2	0
NMK21_06	0.130150684465045	0.717351869256763	1.20361590921713	1.68283257432881	7.4	2.42480272571829	6.97840011855147	66.3	3	1.6
NMK37_07	0.158711691154821	0.16805358499625	1.86290389055195	1.77047955591595	6.7	2.06686275947298	5.28826703069454	16.1	3	0.1
CA45_04	0.365337317017385	0.0129162252665462	1.84534769354514	1.75468760934628	5.5	2.98568193770049	6.10702288774225	18.1	2.289	0
NMK12_06	0.0898407039997895	0.418052223613636	1.80003447130489	1.64666717127067	7.5	2.19722457733622	5.85018895975003	9.6	2	0
NMK45_07	0.150142658429719	0.115112807100504	1.87199572902221	1.4602153002212	6.7	2.32238772029023	5.56068163101553	5.1	2	0
NMK5_06	0.0610950993598108	0.129272335704139	1.96478770476668	1.24844125756621	6.9	1.52605630349505	5.54126354515843	5.9	2	0
NMK50_07	0.227932068046007	0	1.96325777784423	1.08041781827299	4.9	2.54944517092557	5.55412170010179	6.7	2	0
NMK28_06	0.212689093410351	0.0852598439508234	1.64372093018883	1.53977945795227	6.3	2.484906649788	6.74664711858738	10.5	2	0
NMK16_06	0.0554347068881005	0.169742774587095	1.9056215095903	1.52246703028769	7.1	1.56861591791385	5.48893772615669	4	2	0
NMK27_06	0.151002873536527	0.249201085633499	1.81792340526738	1.26679130139267	7	2.35137525716348	6.54434340710497	10.5	2	0
NMK48_07	0.0344014267173323	0.452984624076141	2.00417837364093	1.90272162920708	7.4	1.33500106673234	5.34520095244689	3.3	2	0
NMK61_07	0.261594737688462	0	1.80926296435152	0.554997910349126	4.4	2.84490938381941	5.9986883921973	6.9	2	0
NMK43_07	0.140631129739746	0.0788111804242898	1.88739063097878	1.76611962043667	6.6	2.30258509299405	5.63371760020791	5.1	2	0
NMK3_06	0.0898407039997895	0.185649346886629	1.81977727812087	1.96233061025684	7.1	1.77495235091167	5.87885560272533	7.4	2	0
NMK6_06	0.152721087017664	0.171429115627531	1.95130569828252	2.16562129530779	6.6	2.16332302566054	5.71636959016167	10.4	2	0
CA10_01	0.173112617708645	0.0629747991613884	1.84633857188551	1.42984554728975	6	2.41591377830105	6.28450722580186	9.1	2.092	0
NMK49_08	0.249980205267769	0.126632650933366	1.94032390926327	1.25780636419948	6.4	2.65324196460721	5.43677410969505	10	2	0
CA50_01	0.0295588022415444	0.297879897428227	1.92207155301514	1.72279474808855	7.3	1.09861228866811	5.35469769998414	5.9	1.995	0
NMK53_07	0.260824618281898	0	1.72007860952669	0.62885862143468	4.8	2.67414864942653	6.35315190787025	15.3	2	0
NMK22_06	0.150142658429719	0.0620353909194527	1.83126011355907	1.35850472064663	6.3	2.21920348405499	6.06331998420841	8.8	2	0
CA43_04	0.340037302785709	0.00796816964917688	1.87262207698892	1.71525246912146	5.6	2.84490938381941	5.97989791073652	25.9	2.251	0
NMK39_07	0.179818426575836	0.100749903100143	1.6313704001964	1.97476991665047	6.5	2.51769647261099	6.18764791683941	22.2	2	0
NMK13_06	0.0741793981742515	0.410784269585764	1.92582204500526	1.73568790592766	7.4	2.14006616349627	5.74396426428903	6.3	2	0
NMK58_07	0.16805358499625	0.180653499693258	1.75713188605472	1.73683671634574	6.9	2.43361335540045	6.02900115063671	6.3	2	0
NMK42_07	0.0685927914656117	0.189793571632656	1.97358703288784	1.70551947962414	6.9	1.7227665977411	5.25957653823161	3.6	2	0
NMK25_06	0.0769610411361284	0.0889262091944015	1.8642411184013	1.59570923040387	6.9	1.98787434815435	6.24804287450843	2	2	0
NMK29_06	0.0907543632684641	0.633397176154171	1.61449543970208	1.42984554728975	7.6	2.14006616349627	7.07614693024259	18.9	2	0
NMK47_07	0.183154543097847	0.181487876045377	1.94994179962365	0.917920362015871	6.5	2.30258509299405	5.67229180756483	6.8	2	0
NMK44_07	0.40212620684265	0	1.87199572902221	0.741276311375015	4.9	3.13113691056019	6.11213230683296	12	2	0
NMK24_06	0.173112617708645	0.157003748809665	1.86155322047806	1.51630194085284	6.8	2.40694510831829	6.1779441140506	6	3	0
CA40_04	0.24059046491793	0	1.83378000473547	1.46442046883392	5.3	2.70136121295141	5.91996854540291	8.8	2.15	0
NMK60_07	0.211880359035499	0.138021297897375	1.83625463874377	1.59086957982498	6.8	2.39789527279837	5.88832378818847	8.1	2	0.2
NMK56_07	0.107059072293408	1.43007198346578	1.62813101506716	1.90272162920708	7.9	2.4932054526027	8.31296952495454	89.1	2	0.8
NMK23_06	0.0676586484738149	0.279901885132819	1.79353044913303	1.51755200129704	7.1	1.94591014905531	6.01859321449623	5.9	2	0
NMK41_07	0.0256677467485778	0.285930539412975	2.02467910082995	1.9904939656974	7.2	1.16315080980568	4.85981240436167	2.4	2	0
NMK35_01	0.116893751471499	1.17680713625317	1.1947055233183	1.79573165644404	7.7	2.17475172148416	7.75113117278877	57.1	2.57	0.6
NMK4_06	0.043059489460447	0.164666621555234	1.97358703288784	1.69098962840143	7	1.38629436111989	5.39226297939056	5.1	2	0
NMK14_06	0.104360015324243	0.121332285167525	1.61090347501892	1.02667203119905	6.4	1.98787434815435	5.70411575244632	10.1	2	0
NMK34_07	0.142367241286922	0.25619140536041	1.42984554728975	1.99162087265136	6.9	2.68784749378469	6.52121005572648	9.9	2	0.3
NMK15_06	0.0676586484738149	0.322083499169113	1.66064037933481	1.49432256852058	7.4	2.18605127673809	5.86334704432754	9.4	2	0
NMK52_07	0.316269529303693	0.781158057882659	1.43956870034789	1.43281441490565	7.4	3.21486780347066	6.94870526531109	51.2	2	0
NMK10_06	0.0907543632684641	0.148420005118273	1.95164435009463	1.57456514372582	7.1	2.14006616349627	5.48893772615669	5	2	0
NMK2_06	0.0998453349697161	0.116003675756306	1.84107408442981	1.70061900007258	6.6	1.7404661748405	5.36082257189943	16.5	2	0
NMK26_06	0.193096629961913	0.356274863917393	1.41960684151002	1.57900913782859	7	2.42480272571829	6.45739740198324	66.2	3	0
CA35_04	0.0760346862759976	0.102556588325092	2.01587291169708	1.6560246806602	6.8	1.62924053973028	5.49511694252264	9.1	3	0
CA36_04	0.0639133257436529	0.0806579030174545	1.96838363060129	1.55853491098295	6.7	1.45861502269952	5.50492494922215	4.6	2	0
CA62_05	0.187309098304994	0.247641022914597	2.00129010847037	1.54032841993104	6.9	2.60268968544438	5.56605180119012	12.7	2	0
CA20_04	0.188137942115395	0.291923066709035	1.2231562025271	1.59004932949083	6.9	2.4932054526027	6.91343909545043	50.5	3	0
CA59_05	0.302324349188651	0.0401817896328318	1.72007860952669	1.55403114378505	6	2.76000994003292	5.49429524978948	32	3	0
CA27_04	0.128393214768399	0.166361537215225	1.73894710624141	1.51504313860954	7	2.16332302566054	5.77268645330341	6.3	2	0
CA12_04	0.0834216081390724	0.633927820899974	1.84107408442981	1.45240134146143	7.3	1.6094379124341	5.89522893922716	21.6	3	0
CA66_06	0.308219723669329	0.0276151670329734	1.91132630301166	0.707848296256166	5.5	2.90690105984738	5.68357976733868	11.9	2	0
CA34_04	0.100749903100143	0.171429115627531	1.83948634206936	1.55147786695451	7	1.91692261218206	5.7031155856685	4.6	2	0
CA07_04	0.14583044821154	0.16296882827814	1.57900913782859	1.50730021280325	6.7	2.11625551480255	6.66300497391387	12.5	2	0
CA29_04	0.17898265552844	0.151862349309246	1.85387240457023	1.41210505049429	6.7	2.27212588550934	5.84267447352282	6.2	2	0
CA13_04	0.23031775506221	0.278389025540188	1.86556515383886	1.48857026563091	6.9	2.65324196460721	6.61485963947747	15.7	2	0
CA03_04	0.414755155015257	0.204572165728774	1.63766276252035	1.60233584344978	6.7	3.05870707271538	7.12068686521993	39.8	3	0.2
CA28_04	0.242946178610389	0.118671529717499	1.85601087126303	1.36826366161646	6.8	2.66722820658195	5.96409335031185	8.2	2	0
CA24_04	0.359072068538454	0	1.84496466149853	1.19771388524677	4.9	2.94443897916644	5.88276513018464	8.8	2	0
CA06_04	0.198030850499135	0.187309098304994	1.62482638892197	1.44332409943728	6.6	2.37954613413017	6.56554662050899	11.3	2	0
CA53_05	0.199670195128568	0.243730184922598	1.78554765416843	1.35417517859219	7.1	2.58776403522771	5.99346254977065	18.2	2	0
CA39_04	0.347835995271528	0	1.57456514372582	1.31229650623943	5.2	3.10906095886099	6.20172547259118	10.3	2	0
CA11_04	0.261594737688462	0.173953307123438	1.71449622292064	1.41749272533134	6.7	2.80336038090653	6.44936396506457	11.8	2	0
CA55_05	0.411447179785712	0.0168571170664228	1.81977727812087	1.65296559971526	5.8	2.87356463957978	6.02900115063671	24.8	3	0
CA41_04	0.186479566942618	0.162118849476435	1.90658997014012	1.670498746857	6.9	2.39789527279837	5.77765232322266	7	2	0
CA41_05	0.207826847202317	0.138021297897375	1.90658997014012	1.670498746857	6.8	2.46809953147162	5.54047892369801	8.8	2	0
CA38_04	0.208638865111328	0	1.77073964639405	1.28575438376242	4.9	2.56494935746154	5.6811959759834	6.4	2	0
CA30_04	0.0834216081390724	0.2390169004705	1.99970536151897	1.52547184155401	7.2	1.58923520511658	5.59842195899838	7.3	2	0
CA04_04	0.470003629245736	0.211880359035499	1.75713188605472	1.50991820038366	6.7	3.06339092202781	7.02669320305365	27.3	2	0
CA57_05	0.354171813720614	0.22314355131421	1.82869338274209	1.66037252487521	7	2.78501124223834	5.88665943274186	19.2	3	0
CA54_05	0.216722983511287	0.142367241286922	1.75425202639466	1.70247499115872	7	2.68102152871429	5.74875584029893	14.8	2	0
CA61_05	0.0344014267173323	0.00498754151103897	2.03807554786917	1.47805056560744	5.8	1.06471073699243	5.24702407216049	8	2	0
CA52_03	0.180653499693258	0.0440168854167743	1.72368941930815	0.880036196326812	6.2	2.27212588550934	6.80550104494338	14.9	2	0
CA60_05	0.319907219746518	0	1.80826687386152	1.53419400667771	5.1	2.85647020622048	5.66953603592761	11.6	2	0
CA33_04	0.319907219746518	0.166361537215225	1.83294514609533	1.59570923040387	6.8	2.84490938381941	5.78996017089725	9.7	2	0
CA69_07	0.0815799869924228	0.159564569671338	2.0228202943848	1.4065650087292	6.8	1.77495235091167	4.73532087045314	13.3	2	0
N35_08	0.109257238561918	0.679344982193233	0.951362544505703	1.70612121400619	7.54343885957794	2.54415072879282	7.31413068375566	65.8167583333333	2	1
N38_08	0.10076729545442	0.973440502603161	1.22046489585094	1.01445426156562	7.54256339420997	2.39874279889363	8.04939372322179	79.0124833333334	2	0
N39_08	0.102411371203177	0.682669685184739	1.17579234571849	1.52959541632736	7.50626525703465	2.52176884552332	7.3070929414687	76.1039229166666	2	0
O71_08	0.0946049185397915	1.0096393418716	1.83436141076957	1.52783983185508	7.68363157467533	2.41835019982098	7.96298036449753	60.9999947115385	2	1.3
O72_08	0.105326829376164	0.684217909746429	1.838444360162	1.52665976378072	7.62639497159091	2.456141599118	7.6191855178452	59.9112419871796	2	0.1
O74_08	0.11857177454412	0.593712136736685	1.26457916530681	1.46525032977427	7.44444095238096	2.56773178909971	7.1740135417314	59.3322875000001	3	0.3
O75_08	0.10106699919318	0.686360520834767	1.67569480816594	1.6592965931208	7.55794911571068	2.48488436598993	7.60130251284342	74.8309088141025	2	0.8
O77_08	0.104402519425935	0.717672085074801	1.5105668246594	1.27961483899895	7.61345708333335	2.4935775924541	7.59362237390879	74.9480104166667	2	0
O78_08	0.115030338643345	0.619933347006677	1.63040529213599	1.62780352833584	7.37831949810607	2.48153237807355	7.17932422953445	73.520235897436	2	0
O79_08	0.0925801055304861	1.5077742586576	1.76665509292454	1.90420424973005	8.35	2.3174737054878	8.02856791724004	24.3333333333333	2	1.2
O80_08	0.217795944987614	0.256513850789316	1.71373620982821	1.64490587328632	7.3675	2.80336038090653	6.94625624600082	25.5833333333333	2	1.7
O81_08	0.108959419328119	0.640292517494538	1.62943446307118	1.73552306867925	7.46485323232325	2.56604656416786	7.19760866742029	74.6319833333334	2	0.3
O82_08	0.115934131719212	0.655528161152984	1.64695886389863	1.63486118270024	7.36885863636364	2.49493222581117	7.25646532718633	112.987183333333	2	0
O83_08	0.0970328365928826	0.689398748916585	1.59004932949083	1.60981058486869	7.47189240800864	2.42480904585309	7.50282776364872	74.9750999999999	2	0.3
O84_08	0.123317528836217	0.566855092253545	1.59370953470131	1.12877416523037	7.35003070346321	2.51919256087938	7.11517784734507	56.6106854166667	2	0
O86_08	0.113199195727702	0.587646338799056	1.7272161148849	1.54678592405062	7.39394225108227	2.5425072317703	7.19470480818962	62.5076676282053	3	0
O87_08	0.119018757807994	0.436532472929293	1.76450132348513	1.55654760055417	7.14064409090907	2.36931627140658	7.03435559459096	25.166750111	3	0
O88_08	0.105359673612018	0.657041805023951	1.6190516765007	1.12877416523037	7.49012106060609	2.55601283379423	7.29669280032281	65.8280208333334	2	1.1
O89_08	0.113423794871246	0.616859932244574	0.899598192498245	1.40316449067137	7.30916939393939	2.45969622525363	7.33020288687831	74.6618416666665	2	0
T19_08	0.236651901339002	0.378436435720245	1.68189940533565	1.6268171299712	7.2	2.76831306187943	6.96978233653354	46	2	1
T20_08	0.198552399294433	0.377235951892246	1.69448231271567	1.6524030880939	7.03549212121211	2.71690952226492	7.11425441060824	59.1205571428573	2	0
T23_08	0.120066804097611	0.598588884091917	1.75146307797845	1.63919861776731	7.44879199404761	2.50755364068344	7.1364479388089	55.3996819978633	3	0
S170041_08	0.134460567499733	0.411394652293005	1.59610634005756	0.425678272731624	6.70680208874458	2.43844297389882	7.38582064782134	55.2232333333334	2	0
S170043_08	0.10771335238358	0.522569072779855	1.74618374680094	1.35123719739453	7.37603820346321	2.46668735890125	6.95340852817441	28.051533999334	2	0
S170044_08	0.120698152940619	0.651258328707275	1.58032013379991	1.5718423957831	7.37873171266233	2.55307846319911	7.27699436581225	121.272341666667	3	0.2
S170045_08	0.119021174249594	0.477727451265267	1.62943446307118	1.42984554728975	7.21593498556997	2.54018991680433	7.03768908303832	39.4545578851704	3	0
S170046_08	0.122047649947407	0.610227402072594	1.64132472328304	1.71675379948752	7.40314722132035	2.484953022871	7.17498532732526	74.1301979166666	3	0.2
S170047_08	0.22508069764366	0.700205544927393	1.60944468896131	1.4602153002212	7.25833333333333	2.80839817493649	7.9838403125913	160.416666666667	3	8.4
S170049_08	0.116162335826246	0.558800151126977	1.61661390037613	1.4065650087292	7.38588949134201	2.54743750186235	7.01096610571352	61.402975	2	0
S170050_08	0.115669787484515	0.595070680995086	1.58798116092777	1.53248345167838	7.42983345238096	2.51433489945202	7.11611566917574	53.5385354166667	2	0.2
S170051_08	0.132685723752175	0.203523764444558	1.6764233356568	1.62077120253405	6.77142857142857	2.57042882322616	6.42107664472657	32.8571428571429	2	0.4
S170053_08	0.117225273113164	0.475482403515255	1.64956064545107	1.78845001345068	7.23097950937949	2.45237308583465	6.90205489595995	28.2793671744921	2	0.5
S170054_08	0.108792468627987	0.438428987141243	1.74967413368572	1.8583942562967	7.21922902597401	2.31993042979263	6.52747870925331	13.0388863636364	2	0.1
S170058_08	0.113401096072983	0.473135174434287	1.77796285610022	1.3839715985269	7.16078586580087	2.47438908470527	7.1381568007238	23.136498057498	2	3.9
S170063_08	0.106304199793309	0.472985567508746	1.84311099866034	1.83032450375624	7.3050262012987	2.26657495318621	6.56393742256737	11.8678363636364	3	0.6
K9_09	0.344543664962892	0.745657245542537	1.2231562025271	0.848012347965441	7.3	3.48124008933569	8.76746930305516	239.6	2	3.6
G6_09	0.0870947068509337	0.553885113226438	1.80523565038902	1.58756448332165	7.9	2.52572864430826	7.89517526531781	97.4	2	22.2
W20_07	0.0880108773227134	0.128393214768399	1.85082067552207	1.63296636957302	6.8	1.98787434815435	5.25227342804663	5	2	0.1
W21_07	0.129272335704139	0.191446464570955	1.95422151997391	1.68786787722128	6.8	2.07944154167984	5.01727983681492	8	2	0
W23_07	0.0834216081390724	0.29416103854949	1.96423912405258	2.05338635653896	7.1	1.80828877117927	5.21057845224003	6.8	2	0.2
W24_07	0.0285874568519125	0.0797349680188535	1.98933155043297	1.84264362661209	6.6	0.8754687373539	4.61512051684126	5	2	0
W25_07	0.0806579030174545	0.0440168854167743	1.97081051023324	1.41749272533134	6.5	1.52605630349505	5.01130173863942	10	2	0
W30_07	0.265436463504461	0.0217614917815127	1.96408630425053	1.19165771103836	5.6	2.72785282839839	5.56452040732269	13	2	0.8
W31_07	0.135404637006203	0.159564569671338	1.91053328674841	1.31931019153403	6.6	2.4423470353692	5.52545293913178	16	4	0
W32_07	0.255417111864505	0.0582689081239758	1.93568533695035	1.54992780771055	6.1	2.54944517092557	5.63835466933375	10	3	0
W34_07	0.226338442210729	0	1.95215060504855	1.36413838634931	5.2	2.73436750941958	5.73979291217923	12	3	0
W36_07	0.287432041196572	0.0266419309464211	1.90469471624695	1.66616381314092	5.8	2.90142159408275	6.02199375214281	8.2	2	0.1
W27_07	0.263133199530368	0.0704584636485614	1.87117705046009	1.60271761990988	6.5	2.88480071284671	6.3297209055227	10	2	0
W38_07	0.183986836113016	0.182321556793955	1.88761400462046	1.76678865469605	6.9	2.57261223020711	6.44730586254121	9.9	2	1.5
W39_07	0.27002713721306	0.0285874568519125	1.90518333032059	1.35417517859219	5.7	2.82731362192903	5.83188247728352	12	2	0
W40_07	0.285930539412975	0.124868982045869	1.85133408717831	1.4278406326508	6.8	2.98568193770049	6.01859321449623	9	2	0
W41_07	0.22314355131421	0.119559235057639	1.86094096941752	1.59086957982498	6.6	2.76000994003292	6.04263283368238	11	2	0
W42_07	0.0732504617395927	0.0880108773227134	1.82669279558017	1.5535234658496	6.5	2.01490302054226	5.70711026474888	8	2	1.8
W43_07	0.172271220940453	0.176471143115779	1.92615381405579	1.10795129319191	6.7	2.36085400111802	5.73979291217923	10	2	0
W45_07	0.0459289318883997	0.991027077988172	1.71354561385774	1.57092514269208	7.2	1.56861591791385	6.2363695902037	32	3	1.7
W46_07	0.245296355955343	0.0459289318883997	1.81528594614647	1.31757846272403	6.1	2.74727091425549	6.47850964220857	23	2	0
W48_07	0.131905070879939	0.395414772254663	1.74308048026704	1.47571649244678	6.7	2.43361335540045	6.80350525760834	32	3	4.7
W51_07	0.0778865386570712	0.316269529303693	1.77572048260179	1.5976854839272	7.1	2.16332302566054	7.35359428122857	9.2	2	6.6
W15_05	0.224742272677907	0.0411419433311752	1.82981149107393	1.59045995136017	5.8	2.61006979274201	5.82570507861301	10.8	2.1	0.2
W10_05	0.162118849476435	0.213497174262404	1.87571036675847	1.3985373688298	7.2	2.41820019114561	6.54678541076052	11	2.041	0
W8_05	0.0852598439508234	1.21846725047639	1.83972568178434	1.3985373688298	7.6	2.30189539308452	6.77764659363512	27	2.374	2.5
EM1_02	0.131905070879939	0.153579087928301	1.84993599351054	1.20937078612125	7	2.4423470353692	6.61338421837956	7	2.044	0
EM2_02	0.182321556793955	0.165514438477573	1.83892625858428	1.2231562025271	6.8	2.85647020622048	6.34035930372775	8	2.14	0
EM3_02	0.154436353304419	0.237440856015034	1.87343195187002	1.46607653720614	6.4	2.4423470353692	6.2841341610708	7	2.177	0
EM4_02	0.491030996437811	0.149281702715754	1.83210520189932	1.5555453730992	6.6	3.3499040872746	6.99942246750796	21	2.665	0
EM5_02	0.253090627682162	0.49956243148728	1.86377460193327	1.42984554728975	7.3	2.53369681395743	6.76157276880406	11	2.213	0
EM7_02	0.135404637006203	0.559615787935423	1.79308609978787	1.44882223836587	7.5	2.2082744135228	6.74405918631135	17	2.342	0
EM9_02	0.347835995271528	0.324977857195478	1.90152321661997	1.48929922541755	6.6	2.8094026953625	6.88550967003482	33	2.413	0
BDPadAP_05	0.00796816964917688	0.522358859579664	2.05385964920971	1.52307204313347	7.8	1.96009478404727	5.20948615284142	2	2.117	0
BDPadRA_05	0.00796816964917688	0.434376451602584	2.01920499273916	1.59570923040387	7.8	2.01490302054226	5.11198778835654	2.5	2.096	0
S3_03	0.473123756581979	0.0217614917815127	1.78318277604952	1.21498506859387	5.3	2.67472319698614	6.45977403377089	15.6666666666667	2.365	0
AB39_08	0.251536625815428	0.374318379111328	1.00812804273146	1.60347857350485	7.1	2.90142159408275	7.22606354497568	52.8	1	0.9
AB41_08	0.0525924501191706	1.46093790411566	0.741276311375015	1.54032841993104	7.4	2.36085400111802	7.40446169418724	145	2	48.4
AB42_08	0.173332526243559	1.1426484227794	0.880036196326812	1.58881145841978	7.33582645833334	2.84168849142206	7.32902772356911	92.6454062500002	1	0.4
AB44_08	0.235072122179484	1.06160246303421	1.120655136649	1.53644938169215	7.4	3.22684399451738	7.25827129560529	38	1	0
AB46_08	0.121332285167525	1.2290555846934	0.959134838920824	1.7224353948729	7.8	2.87356463957978	7.0522315984443	30	1	0.1
YH11_09	0.0861776962410524	0.144965770250186	1.915984404358	1.34675003540276	6.9	2.02814824729229	5.28218798461815	4	2	0
YH31_09	0.34500713907105	0.0392207131532813	1.84572965314805	1.70551947962414	6	3.02529107579554	6.10969192847263	16.7	2	0
YH29_09	0.17730901497041	0.208638865111328	1.70247499115872	1.53812225967157	7.1	2.63905732961526	6.30078579466324	18.3	2	0
YH3_09	0.0401817896328318	0.12751332029896	1.85307975769199	1.54625676205188	7	1.79175946922805	5.28573858434118	4.5	2	0
YH12_09	0.16805358499625	0.131028262406404	1.85162659694743	1.70430890040929	6.6	2.53369681395743	5.73431167969102	10.8	2	0
H09_09	0.165758537012399	0.748201472956752	0.959134838920824	1.79789934860136	7.43526375225468	2.6556107943675	8.03559642334028	83.0664437499999	1	11.3
H10_09	0.167939944920332	0.894073136902485	1.37230673358075	1.64342333450984	7.48819717803031	2.6519537988858	8.08333608818227	109.368464583333	1	11.6
H11_09	0.0664917035800979	0.703411566181732	1.162283113884	1.41960684151002	7.53103766098487	2.47259086232384	8.08752753813267	75.0147	2	15.3
H12_09	0.0647884117873018	0.969175561640409	1.62813101506716	1.96133388077161	7.67109902777778	2.40058890656375	8.04611345270568	68.2520947115385	1	10.4
H15_09	0.227489050055967	0.635847256325904	1.1947055233183	1.5619589416266	7.29245416666666	2.8162067328329	7.66031830402265	77.1123312500001	1	4.8
H16_09	0.249103652983741	0.71293535863876	0.959134838920824	1.60944468896131	7.30093357548702	2.7996904086919	8.04780719539582	92.6541125	1	5.5
H20_09	0.211711520619126	0.883306141881808	0.869741686191944	1.6105399746435	7.3088347362013	2.77055853780928	8.05106921590526	82.0772562499999	1	19.5
H22_09	0.212587060449843	0.809432799832511	1.27114984828473	1.74952407444246	7.36283124007936	2.75610214191387	8.05299646675106	82.4930729166666	1	9.3
H23_09	0.0682325173394727	1.31488579197681	1.39736348117304	1.59086957982498	7.67497604166664	2.43254134737052	7.94375518439161	36.7104231629482	1	32.8
H25_09	0.194801036761482	0.697307470438727	0.959134838920824	1.55804020752867	7.35806305465368	2.72431924280302	8.03445682245878	77.8920520833333	2	44.1
H26_09	0.0735492582017129	1.31013776793587	1.1947055233183	1.66434387017238	7.67528687499998	2.39286950590111	8.01105409094663	35.5181549242425	2	22.1
H27_09	0.0712690529251032	1.45815230769001	1.24844125756621	1.58075490568411	7.76451052083331	2.35836192381909	8.08413726321871	70.2976979166666	1	4.9
H28_09	0.313593454236282	0.243182642459455	0.959134838920824	1.93920821752561	6.6575	3.11573506594869	6.81895699733799	16.75	1	34.9
H29_09	0.231828692713682	0.680653476656123	0.869741686191944	1.75727441123516	7.27093455762986	2.78110175092584	8.01369865168742	82.77660625	1	14.3
H30_09	0.164883135535127	0.846470642176991	1.1947055233183	1.6627671832646	7.40671844967534	2.58861214134565	8.04452262772684	79.3754270833332	2	7.6
BD48_10	0.00299550897979837	0.0568528115927828	1.99585240369784	2.01708612029183	6.855	0.832909122935104	4.28358656186063	1.5	2	0
BD50_10	0.00697561373642514	0.0483138602785507	1.99777766268587	1.98464368115278	6.77	0.854415328156068	4.95229971708329	1	2	0
BD49_10	0.00299550897979837	0.0544881852840698	1.99767230069003	2.01575828043532	6.815	0.8754687373539	3.93182563272433	2	2	0
BD51_10	0.0151348875842701	0.0563803334361077	1.99032100738578	2.0884120380376	6.6175	1.28093384546206	4.8142148129228	2	2	0
BD52_10	0.0116815047738378	0.0437776223458878	2.00167013310109	2.02497214410366	6.5075	0.896088024556636	4.33729074083249	2.25	2	0
